branch_id,temp_index,T_K,Omega_q_over_2pi_Hz,det_V_SN_recon,iterations
0.0,0.0,1e-05,0.038940607227084534,5.264769800621239e-06,2.0
0.0,0.5,1.0043321070505332e-05,0.03896214294033821,1.6564470484537935e-05,1.0
0.0,1.0,1.0086829812525637e-05,0.03898363937788083,-7.709968726127424e-07,2.0
0.0,1.5,1.0130527039073999e-05,0.03900508128074858,-2.1432446356996995e-06,1.0
0.0,2.0,1.0174413566685578e-05,0.03902654092396068,-8.25088821511606e-07,2.0
0.0,2.5,1.0218490215432857e-05,0.03904802951673796,-3.8528592048956065e-05,1.0
0.0,3.0,1.0262757808940939e-05,0.03906945258429289,3.6643324142979556e-06,2.0
0.0,3.5,1.0307217174402956e-05,0.03909089263430263,-3.3450325062946334e-05,1.0
0.0,4.0,1.0351869142595554e-05,0.03911225166684972,6.343023109433855e-05,1.0
0.0,4.5,1.039671454789439e-05,0.039133806797398425,1.4305955107653647e-06,1.0
0.0,5.0,1.0441754228289704e-05,0.03915507107395475,8.918725690212861e-05,1.0
0.0,5.5,1.0486989025402013e-05,0.03917672749102567,4.182608787079217e-06,1.0
0.0,6.0,1.0532419784497822e-05,0.039198073835958455,1.8486177577298888e-06,2.0
0.0,6.5,1.0578047354505409e-05,0.0392195389678965,-2.5120133577909855e-05,1.0
0.0,7.0,1.0623872588030726e-05,0.03924098673830206,9.868409097372075e-06,2.0
0.0,7.5,1.06698963413733e-05,0.03926243738967527,4.283791673141317e-06,1.0
0.0,8.0,1.0716119474542222e-05,0.03928389937408123,2.248051551533914e-06,2.0
0.0,8.5,1.0762542851272233e-05,0.03930526153372389,3.3993427173168734e-06,1.0
0.0,9.0,1.0809167339039883e-05,0.039326671525142236,2.547939617486197e-06,2.0
0.0,9.5,1.0855993809079732e-05,0.039348118554656523,2.8490232121370085e-06,1.0
0.0,10.0,1.0903023136400592e-05,0.03936954405385138,6.1368576224350745e-06,2.0
0.0,10.5,1.0950256199801908e-05,0.03939103071785806,1.7728541089171916e-05,1.0
0.0,11.0,1.0997693881890204e-05,0.03941247643154981,-7.77748481747018e-06,2.0
0.0,11.5,1.1045337069095547e-05,0.03943385835411883,1.0026846644013822e-05,1.0
0.0,12.0,1.1093186651688092e-05,0.03945528677440814,3.0419591082890506e-06,2.0
0.0,12.5,1.1141243523794751e-05,0.039476743166045394,-4.548993334856391e-06,1.0
0.0,13.0,1.118950858341589e-05,0.03949823886638918,4.4339100098773874e-06,2.0
0.0,13.5,1.1237982732442096e-05,0.03951963832210067,5.932725414356036e-06,1.0
0.0,14.0,1.1286666876671067e-05,0.03954111164285203,2.1130791426500653e-06,2.0
0.0,14.5,1.1335561925824513e-05,0.03956257708432037,-8.622735190035649e-06,1.0
0.0,15.0,1.1384668793565135e-05,0.03958401415149867,2.938071022496846e-06,2.0
0.0,15.5,1.1433988397513712e-05,0.0396054639818416,7.692768690712576e-06,1.0
0.0,16.0,1.1483521659266285e-05,0.03962699910287613,-1.2206724851782715e-05,2.0
0.0,16.5,1.1533269504411344e-05,0.03964846794390388,5.434189192699839e-06,1.0
0.0,17.0,1.1583232862547103e-05,0.039669976417059605,2.8024301368573215e-06,2.0
0.0,17.5,1.1633412667298913e-05,0.03969147773410108,-5.241714834333752e-06,1.0
0.0,18.0,1.168380985633668e-05,0.03971297335330085,2.9582279321308287e-07,2.0
0.0,18.5,1.1734425371392394e-05,0.039734528685162536,-1.1044193814073944e-05,1.0
0.0,19.0,1.1785260158277746e-05,0.0397560710824833,9.399315252360151e-07,2.0
0.0,19.5,1.1836315166901791e-05,0.03977762576549846,1.01689720537519e-06,1.0
0.0,20.0,1.188759135128866e-05,0.03979919513429754,2.7590087972328597e-06,2.0
0.0,20.5,1.1939089669595422e-05,0.039820774431253946,-8.249765689830386e-06,1.0
0.0,21.0,1.1990811084130013e-05,0.039842385124010594,-6.268231753244882e-07,2.0
0.0,21.5,1.2042756561369184e-05,0.03986394866158421,2.837278189293094e-05,1.0
0.0,22.0,1.2094927071976547e-05,0.039885616383807596,-5.808838447886371e-08,2.0
0.0,22.5,1.2147323590820742e-05,0.03990727311470411,-5.8985223346400065e-06,1.0
0.0,23.0,1.2199947096993645e-05,0.039928919529800495,1.7107531810740397e-06,2.0
0.0,23.5,1.2252798573828652e-05,0.03995068414787876,-9.704103386312429e-06,1.0
0.0,24.0,1.2305879008919085e-05,0.03997231962988761,3.969523286959409e-05,1.0
0.0,24.5,1.2359189394136633e-05,0.03999415255638748,1.7280627393879908e-05,1.0
0.0,25.0,1.2412730725649847e-05,0.04001580226639761,7.881923564923541e-05,1.0
0.0,25.5,1.2466504003942792e-05,0.04003777443303141,2.6854492022174636e-06,1.0
0.0,26.0,1.252051023383376e-05,0.040059577786948006,-9.159039536662498e-06,2.0
0.0,26.5,1.2574750424494026e-05,0.040081447529582925,2.1991642575923203e-05,1.0
0.0,27.0,1.2629225589466672e-05,0.04010335538633802,3.361441358215372e-06,2.0
0.0,27.5,1.2683936746685561e-05,0.04012527115507651,2.0892193552096164e-06,1.0
0.0,28.0,1.2738884918494383e-05,0.04014726873908941,-4.447388480807122e-08,2.0
0.0,28.5,1.2794071131665724e-05,0.04016927701512365,-4.952872018871725e-07,1.0
0.0,29.0,1.2849496417420237e-05,0.04019131156858778,-4.418356125032519e-06,2.0
0.0,29.5,1.2905161811445945e-05,0.040213417804156965,-5.402237338757835e-06,1.0
0.0,30.0,1.2961068353917582e-05,0.04023554523203175,-2.730126398058467e-06,2.0
0.0,30.5,1.3017217089516019e-05,0.0402576921219652,6.069525857525849e-06,1.0
0.0,31.0,1.3073609067447818e-05,0.040279850515441105,8.9501491331275e-06,2.0
0.0,31.5,1.3130245341464824e-05,0.04030218420851289,-5.307640396439209e-06,1.0
0.0,32.0,1.3187126969883815e-05,0.040324425155666005,-2.9302506781911132e-06,2.0
0.0,32.5,1.3244255015606312e-05,0.040346803255378795,1.4149837829684345e-05,1.0
0.0,33.0,1.3301630546138467e-05,0.040369237008583435,-1.769479762695506e-06,2.0
0.0,33.5,1.3359254633610982e-05,0.04039167988283284,8.563412724269822e-06,1.0
0.0,34.0,1.3417128354799117e-05,0.0404141994640935,-1.0250540813155222e-06,2.0
0.0,34.5,1.347525279114285e-05,0.04043676398028917,-1.254484020406621e-05,1.0
0.0,35.0,1.3533629028767078e-05,0.04045938110933419,1.2996890341322816e-05,2.0
0.0,35.5,1.3592258158501888e-05,0.040482023064369696,-2.5135159917883978e-05,1.0
0.0,36.0,1.3651141275902987e-05,0.04050474566842873,-7.256078662397305e-06,2.0
0.0,36.5,1.3710279481272153e-05,0.04052754683909259,1.5691958539906644e-05,1.0
0.0,37.0,1.3769673879677752e-05,0.04055043307878101,-1.6340529597574565e-05,2.0
0.0,37.5,1.3829325580975433e-05,0.04057332857206625,-2.4415824031799317e-07,1.0
0.0,38.0,1.3889235699828882e-05,0.04059639885663309,-4.90921304112155e-06,2.0
0.0,38.5,1.3949405355730628e-05,0.04061937709452592,9.845182018357619e-06,1.0
0.0,39.0,1.4009835673022935e-05,0.040642473271734314,2.4000728567046314e-06,2.0
0.0,39.5,1.407052778091885e-05,0.040665681565419574,-4.4070764401564153e-07,1.0
0.0,40.0,1.4131482813523293e-05,0.04068893723686316,3.6542810294471735e-07,2.0
0.0,40.5,1.4192701909854232e-05,0.04071231129419791,7.63462003508697e-06,1.0
0.0,41.0,1.4254186213864013e-05,0.04073582235335903,-1.1590146855751517e-05,2.0
0.0,41.5,1.4315936874460706e-05,0.040759383557230286,3.4757406208231546e-07,1.0
0.0,42.0,1.4377955045529546e-05,0.040783036738486544,-8.424094308696275e-06,2.0
0.0,42.5,1.444024188595452e-05,0.04080669631876892,3.3830366110587464e-06,1.0
0.0,43.0,1.4502798559640054e-05,0.04083030375298889,6.427581811425666e-05,1.0
0.0,43.5,1.4565626235532733e-05,0.04085427994682047,-9.226093540540134e-06,1.0
0.0,44.0,1.4628726087643116e-05,0.04087818090318092,1.557129262295975e-06,1.0
0.0,44.5,1.4692099295067714e-05,0.04090228546672879,-4.496621647610177e-06,1.0
0.0,45.0,1.4755747042011012e-05,0.04092628569101959,7.154582382453824e-05,1.0
0.0,45.5,1.4819670517807578e-05,0.040950634247925326,-6.249815310752729e-08,1.0
0.0,46.0,1.4883870916944336e-05,0.04097499851313865,-2.1660501882844536e-06,2.0
0.0,46.5,1.4948349439082857e-05,0.04099937801718998,8.666283828319249e-06,1.0
0.0,47.0,1.5013107289081743e-05,0.04102386841719661,3.4509007028040258e-06,2.0
0.0,47.5,1.5078145677019171e-05,0.041048529801732306,-1.0803834823142267e-05,1.0
0.0,48.0,1.5143465818215537e-05,0.04107326199387153,3.3207038243979976e-06,2.0
0.0,48.5,1.5209068933256138e-05,0.041098085255629385,4.272874796293507e-06,1.0
0.0,49.0,1.5274956248013942e-05,0.04112303571595861,2.037720854546872e-06,2.0
0.0,49.5,1.5341128993672536e-05,0.041148039731287056,2.1049232587703398e-05,1.0
0.0,50.0,1.5407588406749147e-05,0.04117315661244016,-4.51155901570505e-05,2.0
0.0,50.5,1.547433572911774e-05,0.04119843667681845,4.845937755334503e-06,1.0
0.0,51.0,1.554137220803217e-05,0.041223600477133256,8.373675187908552e-05,1.0
0.0,51.5,1.5608699096149548e-05,0.04124931008768661,-5.758343464442643e-06,1.0
0.0,52.0,1.5676317651553627e-05,0.041275043944910786,-8.685440540008372e-06,2.0
0.0,52.5,1.5744229137778305e-05,0.041300788127964956,-5.695165253556944e-06,1.0
0.0,53.0,1.581243482383127e-05,0.04132664703453341,-4.750924614495204e-06,2.0
0.0,53.5,1.5880935984217683e-05,0.041352653649108805,-9.370633012044293e-06,1.0
0.0,54.0,1.594973389896398e-05,0.04137876690041806,1.1209679004625072e-07,2.0
0.0,54.5,1.6018829853641796e-05,0.041404979202328884,3.0559101652571115e-06,1.0
0.0,55.0,1.6088225139392032e-05,0.04143136522657741,2.8549425161923667e-06,2.0
0.0,55.5,1.615792105294896e-05,0.04145786503567302,2.790682956142087e-05,1.0
0.0,56.0,1.62279188966644e-05,0.04148430833465606,9.161020563431265e-05,1.0
0.0,56.5,1.629821997853212e-05,0.04151132675132384,-3.2694754957218745e-05,1.0
0.0,57.0,1.636882561221226e-05,0.0415383045888964,8.275567336124137e-07,2.0
0.0,57.5,1.6439737117055856e-05,0.04156520512196955,-2.1948418395467576e-06,1.0
0.0,58.0,1.651095581812955e-05,0.04159233898139988,3.26646325397197e-05,1.0
0.0,58.5,1.658248304624031e-05,0.041619782245211685,-1.764517500534566e-05,1.0
0.0,59.0,1.6654320137960277e-05,0.04164725163006945,3.879992875262322e-05,1.0
0.0,59.5,1.6726468435651754e-05,0.04167490854768947,2.3444150150869715e-05,1.0
0.0,60.0,1.6798929287492346e-05,0.04170261789028332,1.4581386494935567e-05,1.0
0.0,60.5,1.68717040475001e-05,0.041730575297935724,-1.270560016049451e-06,1.0
0.0,61.0,1.6944794075558786e-05,0.041758653368161223,7.288113156792551e-07,1.0
0.0,61.5,1.701820073744335e-05,0.04178685550329461,-1.4330174840352469e-05,1.0
0.0,62.0,1.7091925404845418e-05,0.041815252216226055,-1.3510570217582571e-05,1.0
0.0,62.5,1.716596945539892e-05,0.041843773091604114,6.211021343903253e-06,1.0
0.0,63.0,1.7240334272705874e-05,0.041872604234506845,5.073353031440009e-06,1.0
0.0,63.5,1.7315021246362213e-05,0.04190133094491815,-2.1944091263301504e-05,1.0
0.0,64.0,1.739003177198371e-05,0.041930335843173176,3.2593134320537547e-06,2.0
0.0,64.5,1.74653672512321e-05,0.04195950396346978,7.2325690669333e-07,1.0
0.0,65.0,1.7541029091841295e-05,0.041988783722399656,2.5514836157863558e-06,2.0
0.0,65.5,1.761701870764367e-05,0.042018343035680084,-3.5929150766523246e-06,1.0
0.0,66.0,1.769333751859643e-05,0.042048001604451504,4.014139257088715e-07,2.0
0.0,66.5,1.7769986950808188e-05,0.04207781108039061,1.8030661698094212e-06,1.0
0.0,67.0,1.784696843656565e-05,0.0421078048803132,-2.933501268667083e-06,2.0
0.0,67.5,1.792428341436034e-05,0.042137965527459006,2.727757617659314e-06,1.0
0.0,68.0,1.8001933328915445e-05,0.04216829685102032,-2.8757796833062034e-06,2.0
0.0,68.5,1.807991963121287e-05,0.042198800274154846,-3.380852128441998e-07,1.0
0.0,69.0,1.815824377852032e-05,0.042229468510812135,-7.112482095076125e-07,2.0
0.0,69.5,1.823690723441853e-05,0.0422603216433555,-1.8977627142388312e-06,1.0
0.0,70.0,1.8315911468828656e-05,0.04229134332514244,-5.073375952275229e-06,2.0
0.0,70.5,1.839525795803971e-05,0.04232253624143667,-9.277198495868594e-07,1.0
0.0,71.0,1.8474948184736113e-05,0.04235390359476563,-1.3116328182295632e-05,2.0
0.0,71.5,1.8554983638025424e-05,0.0423854547776141,-2.485400674008801e-05,1.0
0.0,72.0,1.8635365813466223e-05,0.042417131591949264,5.6131461316886665e-08,2.0
0.0,72.5,1.8716096213096004e-05,0.04244907165700274,6.752919459454381e-06,1.0
0.0,73.0,1.8797176345459217e-05,0.04248116189325301,5.664231709801482e-08,2.0
0.0,73.5,1.88786077256355e-05,0.0425133791565617,-1.635287310743791e-06,1.0
0.0,74.0,1.8960391875267975e-05,0.04254603036431202,-9.969071170288833e-05,1.0
0.0,74.5,1.9042530322591676e-05,0.04257845551119312,-7.691848141678036e-07,1.0
0.0,75.0,1.912502460246215e-05,0.04261136586987601,-6.414441619443558e-05,1.0
0.0,75.5,1.92078762563841e-05,0.042644247254034456,2.1213410236974502e-05,1.0
0.0,76.0,1.929108683254015e-05,0.04267749428814834,-1.7724543355160664e-05,1.0
0.0,76.5,1.9374657885819824e-05,0.0427108249981751,-2.0252968709891238e-07,1.0
0.0,77.0,1.9458590977848634e-05,0.04274435231294307,2.2016602219811696e-06,2.0
0.0,77.5,1.9542887677017216e-05,0.0427780721971135,-1.1879142482528715e-05,1.0
0.0,78.0,1.96275495585106e-05,0.04281199593154379,1.1148550325687828e-05,2.0
0.0,78.5,1.9712578204337715e-05,0.0428460840572497,-9.27520886513389e-06,1.0
0.0,79.0,1.9797975203360916e-05,0.042880360475475436,5.259966454845334e-07,2.0
0.0,79.5,1.9883742151325657e-05,0.04291483385636065,-2.11059781576857e-06,1.0
0.0,80.0,1.9969880650890378e-05,0.04294947468472467,-8.395948821509016e-07,2.0
0.0,80.5,2.0056392311656406e-05,0.042984297505032194,1.1778836472175067e-06,1.0
0.0,81.0,2.0143278750197993e-05,0.04301932686681804,-2.157054749540712e-06,2.0
0.0,81.5,2.023054159009256e-05,0.04305454003489138,-1.3027112859745422e-05,1.0
0.0,82.0,2.0318182461951087e-05,0.043089906036624596,3.42090375882003e-06,2.0
0.0,82.5,2.0406203003448528e-05,0.043125495462436575,-1.1479084882040973e-05,1.0
0.0,83.0,2.049460485935438e-05,0.04316122943255452,8.125742762058725e-06,2.0
0.0,83.5,2.058338968156348e-05,0.043197143811257624,6.1667797390594866e-06,1.0
0.0,84.0,2.0672559129126853e-05,0.043233288132997996,9.75008114742451e-07,2.0
0.0,84.5,2.0762114868282687e-05,0.0432696064171012,-8.697363785399089e-06,1.0
0.0,85.0,2.0852058572487534e-05,0.043306083315930534,-1.3409676258767985e-06,2.0
0.0,85.5,2.094239192244754e-05,0.04334274584008114,-2.843440063944856e-06,1.0
0.0,86.0,2.1033116606149805e-05,0.04337959718987643,8.708817436111505e-06,2.0
0.0,86.5,2.1124234318893972e-05,0.04341661972082569,-3.240360933093964e-06,1.0
0.0,87.0,2.1215746763323947e-05,0.0434538031154934,1.2932802583855789e-05,2.0
0.0,87.5,2.130765564945967e-05,0.0434912173847739,-5.883208082480778e-06,1.0
0.0,88.0,2.1399962694729028e-05,0.04352877322336465,7.830797447705634e-07,2.0
0.0,88.5,2.149266962399999e-05,0.04356652214700026,-7.901201378138068e-06,1.0
0.0,89.0,2.158577816961288e-05,0.04360443595900833,1.923401549447533e-06,1.0
0.0,89.5,2.1679290071412708e-05,0.043642508204936946,5.353799740242791e-07,1.0
0.0,90.0,2.177320707678163e-05,0.04368077424496746,-4.980204153147683e-07,2.0
0.0,90.5,2.1867530940671673e-05,0.04371921157563335,-1.4709825558815516e-05,1.0
0.0,91.0,2.1962263425637512e-05,0.0437578308566148,-4.211876680654728e-06,2.0
0.0,91.5,2.2057406301869362e-05,0.04379658214603811,-2.011559707642553e-06,1.0
0.0,92.0,2.2152961347226143e-05,0.04383551092534565,9.101496855400311e-06,2.0
0.0,92.5,2.224893034726865e-05,0.043874611850859356,-1.2107151175671617e-05,1.0
0.0,93.0,2.2345315095292876e-05,0.04391390728128534,-1.534013474162736e-05,2.0
0.0,93.5,2.2442117392363557e-05,0.04395330676936912,-8.812675295432566e-06,1.0
0.0,94.0,2.2539339047347888e-05,0.043992878981750035,-4.963634754753891e-06,2.0
0.0,94.5,2.2636981876949265e-05,0.04403265456322951,6.538598864354818e-06,1.0
0.0,95.0,2.2735047705741187e-05,0.04407257389224486,-2.694331982451891e-06,2.0
0.0,95.5,2.283353836620144e-05,0.04411263228682773,-1.5746583405545864e-06,1.0
0.0,96.0,2.2932455698746282e-05,0.04415284809739174,-2.2887845019165697e-06,2.0
0.0,96.5,2.303180155176484e-05,0.04419326006488256,-2.7790046571696667e-05,1.0
0.0,97.0,2.3131577781653697e-05,0.044233803997479657,-5.392129663030243e-06,2.0
0.0,97.5,2.3231786252851554e-05,0.04427444227761741,4.239264794504401e-06,1.0
0.0,98.0,2.3332428837874014e-05,0.044315256206083814,-1.276357451220394e-06,2.0
0.0,98.5,2.3433507417348608e-05,0.044356146440173085,2.0128773625588166e-05,1.0
0.0,99.0,2.3535023880050004e-05,0.04439717061889153,4.898253781828283e-05,2.0
0.0,99.5,2.3636980122935238e-05,0.044438455739517144,-2.3007017838634797e-05,1.0
0.0,100.0,2.3739378051179118e-05,0.04447973217101606,1.2204048129456923e-05,2.0
0.0,100.5,2.3842219578209883e-05,0.04452123529200355,2.497541675141535e-06,1.0
0.0,101.0,2.3945506625744983e-05,0.04456288351923142,-2.62035484563071e-05,1.0
0.0,101.5,2.4049241123826963e-05,0.04460456635015857,-1.1082811302124757e-05,1.0
0.0,102.0,2.4153425010859467e-05,0.044646457811581636,-1.995954723830465e-07,2.0
0.0,102.5,2.4258060233643537e-05,0.044688429964688595,1.7682273929411228e-06,1.0
0.0,103.0,2.4363148747413963e-05,0.04473054030947336,-3.9349376464236375e-07,2.0
0.0,103.5,2.4468692515875797e-05,0.04477275018559288,-1.6288875781877486e-05,1.0
0.0,104.0,2.457469351124113e-05,0.04481506451885215,-1.4748682098473443e-06,2.0
0.0,104.5,2.468115371426587e-05,0.044857495916914236,-1.0444038065329899e-05,1.0
0.0,105.0,2.4788075114286736e-05,0.04490004342607907,-3.843004261196134e-06,2.0
0.0,105.5,2.4895459709258458e-05,0.044942693270291774,-7.738943889677365e-06,1.0
0.0,106.0,2.500330950579118e-05,0.044985420797164416,-2.0141734661615133e-06,2.0
0.0,106.5,2.5111626519187883e-05,0.045028249820371534,-1.1945122484379222e-05,1.0
0.0,107.0,2.5220412773482013e-05,0.04507116515631693,-2.5756322319930048e-06,2.0
0.0,107.5,2.532967030147537e-05,0.04511419271161151,-8.787303995233262e-06,1.0
0.0,108.0,2.5439401144776076e-05,0.04515729438304811,-4.873842978718383e-06,2.0
0.0,108.5,2.554960735383668e-05,0.04520050896358255,-1.64695952686376e-05,1.0
0.0,109.0,2.5660290987992564e-05,0.04524381048824679,-5.748504821011219e-06,2.0
0.0,109.5,2.577145411550038e-05,0.04528710482308636,1.556821788987544e-05,1.0
0.0,110.0,2.588309881357663e-05,0.04533054997345234,5.843840041791662e-06,2.0
0.0,110.5,2.599522716843655e-05,0.045374040564510665,-1.0439984964472222e-05,1.0
0.0,111.0,2.6107841275333118e-05,0.04541758441884903,-1.4872553898937644e-06,2.0
0.0,111.5,2.622094323859619e-05,0.04546120651401454,-7.190316651614492e-06,1.0
0.0,112.0,2.6334535171671748e-05,0.04550506825686445,-8.053878109752216e-05,1.0
0.0,112.5,2.6448619197161462e-05,0.04554861524922736,-1.5834089396114014e-05,1.0
0.0,113.0,2.6563197446862354e-05,0.04559236527803268,-3.538328703431089e-06,2.0
0.0,113.5,2.6678272061806583e-05,0.04563621398328097,-1.532385251468703e-05,1.0
0.0,114.0,2.6793845192301552e-05,0.04568008203629979,2.648213606216103e-07,2.0
0.0,114.5,2.6909918997970018e-05,0.045723960181430094,-1.3486633833948556e-05,1.0
0.0,115.0,2.70264956477904e-05,0.04576791789246065,2.1326023449597783e-06,2.0
0.0,115.5,2.7143577320137372e-05,0.04581190683450996,-8.205373363218313e-06,1.0
0.0,116.0,2.7261166202822605e-05,0.0458559137385056,-2.1004629595162735e-05,2.0
0.0,116.5,2.737926449313561e-05,0.0458999359061864,-7.642747753514732e-06,1.0
0.0,117.0,2.7497874397884737e-05,0.045943980790319194,3.640140382758448e-06,2.0
0.0,117.5,2.7616998133438492e-05,0.045988069599845326,-4.633737118444766e-06,1.0
0.0,118.0,2.7736637925766926e-05,0.046032153091308495,-4.698855569405594e-07,2.0
0.0,118.5,2.7856796010483198e-05,0.04607626133173959,-1.0373522957324326e-05,1.0
0.0,119.0,2.797747463288545e-05,0.04612035709770787,-4.333997837039884e-06,2.0
0.0,119.5,2.8098676047998687e-05,0.04616447618825301,-6.823834401957218e-06,1.0
0.0,120.0,2.8220402520616872e-05,0.04620858057456877,-1.563465069803778e-05,2.0
0.0,120.5,2.8342656325345293e-05,0.046252699189073876,-1.137030759861921e-05,1.0
0.0,121.0,2.846543974664313e-05,0.046296765728784495,4.340575435604846e-06,2.0
0.0,121.5,2.8588755078866093e-05,0.04634088625758681,-1.184066902027967e-05,1.0
0.0,122.0,2.8712604626309217e-05,0.04638495059125448,-1.0009542445701962e-06,2.0
0.0,122.5,2.8836990703250024e-05,0.04642901530950016,-9.618278364569844e-06,1.0
0.0,123.0,2.8961915633991736e-05,0.04647304054140428,3.323899771462914e-08,2.0
0.0,123.5,2.908738175290667e-05,0.04651706892327289,-5.6169702826260126e-06,1.0
0.0,124.0,2.9213391404479956e-05,0.04656102652264581,-6.578719432800063e-07,2.0
0.0,124.5,2.933994694335329e-05,0.04660500252559839,-4.412857366828649e-06,1.0
0.0,125.0,2.9467050734368862e-05,0.0466489024477368,1.592878948817564e-07,2.0
0.0,125.5,2.9594705152613612e-05,0.04669279336388837,-5.714051579136973e-06,1.0
0.0,126.0,2.9722912583463673e-05,0.04673662121725693,-2.106622617378548e-06,2.0
0.0,126.5,2.9851675422628877e-05,0.04678043144688442,-7.028638133214939e-06,1.0
0.0,127.0,2.9980996076197477e-05,0.046824170177667886,-1.4500222798505156e-06,2.0
0.0,127.5,3.011087696068115e-05,0.04686787540599294,-6.835621138731795e-06,1.0
0.0,128.0,3.0241320503060226e-05,0.046911508719294885,-3.982151441361494e-06,2.0
0.0,128.5,3.0372329140828968e-05,0.046955075692129616,5.848941920315831e-06,1.0
0.0,129.0,3.050390532204107e-05,0.04699862978239428,-6.511025724627419e-06,2.0
0.0,129.5,3.063605150535548e-05,0.047042055363564074,-1.6880772802580173e-05,1.0
0.0,130.0,3.076877016008233e-05,0.04708542146955545,-5.461374571974423e-06,2.0
0.0,130.5,3.090206376622903e-05,0.04712876594220275,-1.422114947923947e-05,1.0
0.0,131.0,3.1035934814546705e-05,0.047171990586531126,-6.860130061303491e-07,2.0
0.0,131.5,3.117038580657669e-05,0.04721518812367514,-6.3381038714686215e-06,1.0
0.0,132.0,3.13054192546972e-05,0.04725828019053562,-6.19829860548402e-06,2.0
0.0,132.5,3.1441037682170345e-05,0.0473013035845398,-7.198792402527573e-06,1.0
0.0,133.0,3.157724362318932e-05,0.047344240683423806,-2.794329438918382e-06,2.0
0.0,133.5,3.1714039622925744e-05,0.047387128685769636,7.496274040242605e-06,1.0
0.0,134.0,3.185142823757712e-05,0.04742990468777866,-1.8171609020530072e-07,2.0
0.0,134.5,3.198941203441468e-05,0.04747258871969626,-7.141767826072671e-06,1.0
0.0,135.0,3.2127993591831375e-05,0.04751515632099024,-3.0055821252140684e-06,2.0
0.0,135.5,3.2267175499390005e-05,0.047557648493763774,-7.4558936001921745e-06,1.0
0.0,136.0,3.240696035787167e-05,0.047600020201779066,-6.609163697708605e-08,2.0
0.0,136.5,3.2547350779324355e-05,0.04764232025420197,-1.1462015900412502e-05,1.0
0.0,137.0,3.2688349387111645e-05,0.04768449610337155,-1.267776428640018e-06,2.0
0.0,137.5,3.282995881596181e-05,0.0477265855633841,-1.290078197367321e-05,1.0
0.0,138.0,3.297218171201712e-05,0.047768534192761176,-2.2499495740174433e-06,2.0
0.0,138.5,3.3115020732883215e-05,0.047810417045816705,-9.942395445346269e-06,1.0
0.0,139.0,3.325847854767869e-05,0.04785216163053032,-1.5851968530077902e-06,2.0
0.0,139.5,3.340255783708506e-05,0.047893809472559015,-7.109416089875815e-06,1.0
0.0,140.0,3.354726129339691e-05,0.04793531820247788,-2.1498703715806506e-05,2.0
0.0,140.5,3.3692591620572114e-05,0.04797673467504937,-7.67388399475936e-06,1.0
0.0,141.0,3.383855153428233e-05,0.04801801806190091,-7.4702778009531545e-06,2.0
0.0,141.5,3.398514376196383e-05,0.04805915732730705,-1.005625453991549e-05,1.0
0.0,142.0,3.413237104286842e-05,0.04810021854575109,-1.4676537614197522e-05,2.0
0.0,142.5,3.428023612811461e-05,0.04814115571547859,-8.317347191217228e-06,1.0
0.0,143.0,3.4428741780739124e-05,0.04818194332535562,-6.6289353371562995e-06,2.0
0.0,143.5,3.457789077574845e-05,0.048222624785897825,-2.8197072352485842e-06,1.0
0.0,144.0,3.472768590017064e-05,0.04826313547184701,6.245833568076286e-06,2.0
0.0,144.5,3.487812995310744e-05,0.04830356743225988,-2.457197634272816e-06,1.0
0.0,145.0,3.5029225745786674e-05,0.048343832342634556,-3.2176154994826948e-06,2.0
0.0,145.5,3.5180976101614716e-05,0.04838401980217694,-5.6797098314299215e-06,1.0
0.0,146.0,3.533338385622916e-05,0.04842401957184336,6.896928672604642e-06,2.0
0.0,146.5,3.548645185755193e-05,0.04846392858162145,-7.4691272167390284e-06,1.0
0.0,147.0,3.564018296584244e-05,0.04850368045689167,-2.9006091775138356e-06,2.0
0.0,147.5,3.579458005375102e-05,0.04854329568016848,-3.848507829438024e-06,1.0
0.0,148.0,3.5949646006372715e-05,0.04858280908300943,-2.733973111672963e-05,1.0
0.0,148.5,3.610538372130109e-05,0.048622114400067105,-1.8781256335627378e-06,1.0
0.0,149.0,3.626179610868235e-05,0.04866130717210841,-1.3727205108418716e-06,2.0
0.0,149.5,3.641888609126973e-05,0.04870037980792878,-7.626823725004595e-06,1.0
0.0,150.0,3.657665660447825e-05,0.04873929710647288,-4.33323841122332e-06,2.0
0.0,150.5,3.673511059643944e-05,0.04877808842471285,5.073051262685619e-06,1.0
0.0,151.0,3.68942510280564e-05,0.04881673077537545,-5.807732798203873e-06,2.0
0.0,151.5,3.705408087305919e-05,0.04885523019712603,-6.607998070825544e-06,1.0
0.0,152.0,3.72146031180604e-05,0.048893581587065686,-8.723980815385325e-06,2.0
0.0,152.5,3.7375820762610905e-05,0.048931810089343566,-1.6605480825126535e-05,1.0
0.0,153.0,3.7537736819256036e-05,0.04896987432483867,-9.549087735167914e-07,2.0
0.0,153.5,3.7700354313591794e-05,0.049007807023029745,-2.127417083475439e-06,1.0
0.0,154.0,3.786367628432131e-05,0.04904557835707997,-5.0504496188685e-06,2.0
0.0,154.5,3.8027705783311684e-05,0.0490832309583725,-9.85372585056559e-06,1.0
0.0,155.0,3.8192445875651135e-05,0.049120730052305994,-5.863185543418339e-06,2.0
0.0,155.5,3.8357899639706154e-05,0.04915807537794144,-4.386370176153701e-06,1.0
0.0,156.0,3.852407016717897e-05,0.049195288985381065,-6.366086414417819e-06,2.0
0.0,156.5,3.8690960563165444e-05,0.04923234354511788,-1.9012275210638977e-06,1.0
0.0,157.0,3.885857394621303e-05,0.049269270329123364,-7.805335697945737e-06,2.0
0.0,157.5,3.9026913448379045e-05,0.04930604173531058,-4.11881559402922e-06,1.0
0.0,158.0,3.919598221528928e-05,0.04934266547148462,-6.289762894859008e-06,2.0
0.0,158.5,3.936578340619671e-05,0.04937915137258636,-6.757479737387348e-06,1.0
0.0,159.0,3.953632019404046e-05,0.049415485188072004,-4.3870164840619644e-06,2.0
0.0,159.5,3.9707595765505164e-05,0.049451674280399475,-7.336655431976858e-06,1.0
0.0,160.0,3.987961332108059e-05,0.04948772479608667,-5.185621676404554e-06,2.0
0.0,160.5,4.0052376075121384e-05,0.049523634484293165,-4.73998561894492e-06,1.0
0.0,161.0,4.0225887255907025e-05,0.04955939159119757,-3.015742181189605e-06,2.0
0.0,161.5,4.0400150105702295e-05,0.049595015829402914,-6.824082506880438e-06,1.0
0.0,162.0,4.0575167880817806e-05,0.0496306737844775,-8.590683498209742e-05,1.0
0.0,162.5,4.0750943851670826e-05,0.04966580452754929,-1.0842700889166803e-05,1.0
0.0,163.0,4.092748130284649e-05,0.049700999109987105,3.747857634708567e-08,2.0
0.0,163.5,4.1104783533159115e-05,0.04973605635578727,-1.0865466902532467e-05,1.0
0.0,164.0,4.1282853855713756e-05,0.04977095712973419,-5.930147730122386e-07,2.0
0.0,164.5,4.1461695597968184e-05,0.04980574654814459,-3.809233064904987e-06,1.0
0.0,165.0,4.164131210179516e-05,0.04984033986038855,-2.449424733903135e-06,2.0
0.0,165.5,4.18217067235448e-05,0.049874832637921515,2.14410020156521e-06,1.0
0.0,166.0,4.2002882834107206e-05,0.04990921117592755,-3.6853962801798932e-06,2.0
0.0,166.5,4.2184843818975524e-05,0.04994342631410298,-1.1871584339302696e-05,1.0
0.0,167.0,4.2367593078309305e-05,0.0499774962154742,-5.628545764155984e-06,2.0
0.0,167.5,4.2551134026997975e-05,0.050011435288095325,-3.6033422692449045e-06,1.0
0.0,168.0,4.273547009472452e-05,0.050045254256231346,-2.2973715292827084e-06,2.0
0.0,168.5,4.2920604726029725e-05,0.050078890761381875,-9.155194644929999e-06,1.0
0.0,169.0,4.3106541380376506e-05,0.050112428800102644,-6.807547713733852e-06,2.0
0.0,169.5,4.329328353221449e-05,0.05014584733926343,-1.0989459608159974e-05,1.0
0.0,170.0,4.3480834671045086e-05,0.05017912381962369,-1.5032732524494341e-05,2.0
0.0,170.5,4.366919830148659e-05,0.050212229103898914,-5.425715033828057e-06,1.0
0.0,171.0,4.3858377943339594e-05,0.05024524549322169,-6.973534103445529e-06,2.0
0.0,171.5,4.404837713165284e-05,0.05027813375675033,-9.001879306529103e-06,1.0
0.0,172.0,4.423919941678938e-05,0.05031087834066227,-2.8958649832196816e-06,2.0
0.0,172.5,4.44308483644928e-05,0.05034350802991216,-4.535206575005972e-06,1.0
0.0,173.0,4.462332755595379e-05,0.05037600817495555,-1.1074203408945884e-05,2.0
0.0,173.5,4.481664058787715e-05,0.050408336700364674,-4.9706094704048844e-06,1.0
0.0,174.0,4.501079107254906e-05,0.050440613893479036,-7.582878713365362e-06,2.0
0.0,174.5,4.520578263790453e-05,0.05047272500849878,-7.56158941598685e-06,1.0
0.0,175.0,4.540161892759506e-05,0.0505047285719256,-9.355900737499408e-06,2.0
0.0,175.5,4.559830360105692e-05,0.0505365965118288,-3.7276918087116583e-06,1.0
0.0,176.0,4.579584033357941e-05,0.05056833213800341,-1.1567347092168061e-05,2.0
0.0,176.5,4.599423281637356e-05,0.05059998246746821,-5.315122484917611e-06,1.0
0.0,177.0,4.619348475664119e-05,0.05063149595764819,-9.251643249105643e-06,2.0
0.0,177.5,4.6393599877644135e-05,0.05066289040459116,-4.585724878035359e-06,1.0
0.0,178.0,4.6594581918773694e-05,0.05069413951046875,-2.0014689453484e-06,2.0
0.0,178.5,4.6796434635620616e-05,0.0507253461498019,-4.959538689809194e-06,1.0
0.0,179.0,4.6999161800045355e-05,0.050756378334028164,-1.9213823450037955e-07,2.0
0.0,179.5,4.720276720024849e-05,0.050787328906194966,-1.6145763118817036e-06,1.0
0.0,180.0,4.740725464084136e-05,0.05081814784530615,-1.2480172972046742e-06,2.0
0.0,180.5,4.7612627942917374e-05,0.050848885225004976,-3.5261191689225757e-06,1.0
0.0,181.0,4.78188909441233e-05,0.050879482779214606,-1.547509677809286e-06,2.0
0.0,181.5,4.802604749873097e-05,0.05090999376759532,-4.581320314053814e-06,1.0
0.0,182.0,4.8234101477709414e-05,0.050940389143203736,-5.315628430841056e-06,2.0
0.0,182.5,4.844305676879713e-05,0.050970680258958664,-6.566729702433726e-06,1.0
0.0,183.0,4.8652917276574624e-05,0.051000871313322864,-3.965478389019869e-06,2.0
0.0,183.5,4.886368692253743e-05,0.05103094963382938,-6.590354710923782e-06,1.0
0.0,184.0,4.9075369645169556e-05,0.05106093331715902,-6.1112525196942465e-06,2.0
0.0,184.5,4.928796940001692e-05,0.05109081559503456,-4.0596118020949536e-06,1.0
0.0,185.0,4.95014901597612e-05,0.051120606847840276,-7.549746236491835e-06,2.0
0.0,185.5,4.9715935914294206e-05,0.05115029567259615,-8.911891138001698e-06,1.0
0.0,186.0,4.9931310670792376e-05,0.051179889796729605,-9.77432250063741e-06,2.0
0.0,186.5,5.014761845379163e-05,0.051209377584081686,-5.305400676699229e-06,1.0
0.0,187.0,5.0364863305262693e-05,0.051238794721281,-1.1985840267149181e-05,2.0
0.0,187.5,5.058304928468657e-05,0.05126809221481969,-4.845787307287041e-06,1.0
0.0,188.0,5.0802180469130226e-05,0.051297330901757324,-1.271396149517564e-05,2.0
0.0,188.5,5.1022260953322956e-05,0.051326446879233566,-5.383262246429013e-06,1.0
0.0,189.0,5.124329484973294e-05,0.051355510283416575,-1.417864985526686e-05,2.0
0.0,189.5,5.146528628864402e-05,0.05138445794782383,-6.526644710443618e-06,1.0
0.0,190.0,5.168823941823277e-05,0.05141335284111135,-1.338668868807625e-05,2.0
0.0,190.5,5.1912158404646144e-05,0.05144211636908606,-4.652721211778969e-06,1.0
0.0,191.0,5.213704743207931e-05,0.05147084395990819,-1.8693129027008833e-05,2.0
0.0,191.5,5.236291070285375e-05,0.051499450070913305,-4.3363424582576665e-06,1.0
0.0,192.0,5.258975243749597e-05,0.05152800221665003,-1.6295332690383823e-05,2.0
0.0,192.5,5.2817576874816246e-05,0.051556463918204606,-6.0859324269486745e-06,1.0
0.0,193.0,5.3046388271987715e-05,0.05158487087168281,-2.1881406204582492e-05,2.0
0.0,193.5,5.327619090462606e-05,0.05161316674239113,-2.273237361902911e-06,1.0
0.0,194.0,5.3506989066869495e-05,0.0516414229193045,-1.310429490979736e-05,2.0
0.0,194.5,5.373878707145888e-05,0.051669576330484975,-6.914927005445826e-06,1.0
0.0,195.0,5.397158924981825e-05,0.05169767681149252,-1.0980384889918603e-05,2.0
0.0,195.5,5.420539995213588e-05,0.05172569324522834,-1.5418025368609964e-07,1.0
0.0,196.0,5.4440223547445495e-05,0.05175365362507573,-7.797015589534714e-06,2.0
0.0,196.5,5.4676064423707935e-05,0.05178154457701918,-5.4255565382163905e-06,1.0
0.0,197.0,5.491292698789323e-05,0.0518093665741295,-2.929259429730349e-06,2.0
0.0,197.5,5.51508156660629e-05,0.05183712890816234,-8.680319284456666e-07,1.0
0.0,198.0,5.538973490345251e-05,0.05186482198053242,-6.136392424158098e-08,2.0
0.0,198.5,5.562968916455487e-05,0.051892444902540406,-7.094407374791974e-06,1.0
0.0,199.0,5.587068293320355e-05,0.05192002968061485,-2.7236438526495504e-07,2.0
0.0,199.5,5.611272071265659e-05,0.051947553671867104,-3.7080853402768187e-06,1.0
0.0,200.0,5.635580702568049e-05,0.05197500827746134,7.016263452886881e-07,2.0
0.0,200.5,5.659994641463493e-05,0.05200240539388502,-5.222449213210987e-06,1.0
0.0,201.0,5.684514344155757e-05,0.05202974811351566,-2.9493429046410376e-06,2.0
0.0,201.5,5.7091402688249255e-05,0.05205706130192903,-5.135640305524157e-06,1.0
0.0,202.0,5.7338728756359795e-05,0.05208431291070461,-3.3393838672208767e-06,2.0
0.0,202.5,5.7587126267473835e-05,0.05211150411478531,-5.080652203628257e-06,1.0
0.0,203.0,5.7836599863197106e-05,0.05213863163540778,-6.011283790512053e-06,2.0
0.0,203.5,5.808715420524327e-05,0.052165717849611694,-8.454029074908766e-06,1.0
0.0,204.0,5.8338793975521156e-05,0.052192795178249714,-8.848166480057286e-06,2.0
0.0,204.5,5.8591523876222115e-05,0.05221979040828648,-3.817679438125777e-06,1.0
0.0,205.0,5.884534862990779e-05,0.0522467705808358,-1.1251282037724733e-05,2.0
0.0,205.5,5.910027297959843e-05,0.052273647080527,-2.2070000301116746e-06,1.0
0.0,206.0,5.935630168886173e-05,0.052300567262962006,-1.2258788084833164e-05,2.0
0.0,206.5,5.961343954190163e-05,0.05232738675754497,-3.663315965657055e-06,1.0
0.0,207.0,5.9871691343647636e-05,0.052354214850382476,-1.5016818494076664e-05,2.0
0.0,207.5,6.01310619198448e-05,0.052380949956267284,-4.572100439481438e-06,1.0
0.0,208.0,6.039155611714381e-05,0.05240770794502709,-1.773880449684508e-05,2.0
0.0,208.5,6.06531788031915e-05,0.0524343671917949,-5.343619830930538e-06,1.0
0.0,209.0,6.0915934866721995e-05,0.05246106623246497,-1.663434961132854e-05,2.0
0.0,209.5,6.117982921764795e-05,0.05248766611822363,-5.738369952398478e-06,1.0
0.0,210.0,6.144486678715213e-05,0.05251429657598902,-2.598511596820592e-05,2.0
0.0,210.5,6.171105252777977e-05,0.05254083446182895,-5.212661492098886e-06,1.0
0.0,211.0,6.197839141353113e-05,0.05256741040293293,-1.8481366387926103e-05,2.0
0.0,211.5,6.224688843995439e-05,0.0525938887169104,-9.514278935145434e-06,1.0
0.0,212.0,6.251654862423888e-05,0.05262041427689488,-2.1304864886309822e-05,2.0
0.0,212.5,6.278737700530888e-05,0.052646850418132635,-5.72905275017468e-06,1.0
0.0,213.0,6.3059378643918e-05,0.05267332879933191,-2.0515786459769036e-05,2.0
0.0,213.5,6.333255862274356e-05,0.052699724088055754,-3.6008110889805354e-06,1.0
0.0,214.0,6.360692204648146e-05,0.05272615322362183,-1.6016351838961422e-05,2.0
0.0,214.5,6.388247404194174e-05,0.052752509509304,-3.2111059074465418e-06,1.0
0.0,215.0,6.415921975814435e-05,0.0527789165747888,-1.7655682661000993e-05,2.0
0.0,215.5,6.443716436641525e-05,0.052805235623871856,-3.1867517350365944e-06,1.0
0.0,216.0,6.47163130604833e-05,0.0528316069279454,-2.0153511263130574e-05,2.0
0.0,216.5,6.499667105657713e-05,0.05285790804002621,-7.235767850664981e-06,1.0
0.0,217.0,6.527824359352252e-05,0.052884240410512755,-1.1042577729214553e-05,2.0
0.0,217.5,6.556103593284038e-05,0.05291053312290561,-5.297109085414788e-06,1.0
0.0,218.0,6.584505335884523e-05,0.05293683276570219,-5.435619680452386e-06,2.0
0.0,218.5,6.613030117874382e-05,0.052963115643778015,-3.6855976452032546e-06,1.0
0.0,219.0,6.641678472273414e-05,0.05298950971876791,-5.22747075643869e-05,1.0
0.0,219.5,6.670450934410524e-05,0.05301568208382684,-3.519174035234971e-06,1.0
0.0,220.0,6.69934804193372e-05,0.05304194108824344,6.973872376611712e-07,2.0
0.0,220.5,6.728370334820151e-05,0.05306823616224966,-6.0583104982996445e-06,1.0
0.0,221.0,6.757518355386216e-05,0.053094501950630875,-2.169159358567519e-06,2.0
0.0,221.5,6.786792648297693e-05,0.05312077728877479,-3.4403049623273764e-06,1.0
0.0,222.0,6.816193760579891e-05,0.05314705074904354,-4.278241373446732e-06,2.0
0.0,222.5,6.845722241627893e-05,0.053173322223873914,-4.75181529855923e-06,1.0
0.0,223.0,6.875378643216834e-05,0.0531996062191164,-1.3105615728165787e-06,2.0
0.0,223.5,6.905163519512199e-05,0.05322588977264286,-1.0730843212321151e-06,1.0
0.0,224.0,6.935077427080163e-05,0.053252188971607314,-1.1557871098475133e-05,2.0
0.0,224.5,6.96512092489801e-05,0.053278486833631976,-5.333166576386051e-06,1.0
0.0,225.0,6.995294574364577e-05,0.053304809512647884,-1.0391342190172163e-05,2.0
0.0,225.5,7.025598939310732e-05,0.05333111498569589,-7.639852306407274e-06,1.0
0.0,226.0,7.056034586009931e-05,0.05335746746915188,-2.020019712395502e-05,2.0
0.0,226.5,7.086602083188791e-05,0.05338379353479579,-4.227588530252373e-06,1.0
0.0,227.0,7.117302002037698e-05,0.05341017625939273,-1.6367002591361978e-05,2.0
0.0,227.5,7.148134916221492e-05,0.053436530742075466,-4.4810420869230825e-06,1.0
0.0,228.0,7.17910140189021e-05,0.053462956238506665,-2.7659556093349714e-05,2.0
0.0,228.5,7.210202037689832e-05,0.05348933246631314,-1.2940981360264554e-05,1.0
0.0,229.0,7.241437404773077e-05,0.05351576115224927,-1.8762069753431483e-05,2.0
0.0,229.5,7.272808086810289e-05,0.053542205126711456,-4.08922300523947e-06,1.0
0.0,230.0,7.304314670000335e-05,0.053568720608681675,-2.32313334560104e-05,2.0
0.0,230.5,7.33595774308155e-05,0.05359517315774424,-4.083315864564577e-06,1.0
0.0,231.0,7.36773789734276e-05,0.053621717259753676,-2.35339137348653e-05,2.0
0.0,231.5,7.399655726634319e-05,0.05364824137525293,-2.4055097489066673e-06,1.0
0.0,232.0,7.43171182737919e-05,0.05367486222299068,-2.455317472774649e-05,2.0
0.0,232.5,7.463906798584104e-05,0.053701424772087815,1.0894697590399279e-06,1.0
0.0,233.0,7.496241241850765e-05,0.053728120623966036,-2.8817669634012027e-05,2.0
0.0,233.5,7.528715761387085e-05,0.05375471648978942,-5.825273087479171e-06,1.0
0.0,234.0,7.56133096401845e-05,0.05378147767396037,-2.9359337260491393e-05,2.0
0.0,234.5,7.594087459199089e-05,0.053808171383774854,-7.772941515381244e-06,1.0
0.0,235.0,7.626985859023451e-05,0.05383498479233546,-2.2334893733407336e-05,2.0
0.0,235.5,7.660026778237636e-05,0.053861739466267565,-1.9301540719524302e-06,1.0
0.0,236.0,7.693210834250905e-05,0.053888631969541904,-2.6356761628327897e-05,2.0
0.0,236.5,7.726538647147201e-05,0.05391547236485279,-3.3039881174082797e-06,1.0
0.0,237.0,7.760010839696725e-05,0.05394245706905009,-2.920942934106312e-05,2.0
0.0,237.5,7.793628037367582e-05,0.05396937730267293,-5.614551526634214e-06,1.0
0.0,238.0,7.827390868337488e-05,0.05399642541731419,-2.3963219846654452e-05,2.0
0.0,238.5,7.861299963505492e-05,0.054023449910792554,-5.681983620362254e-06,1.0
0.0,239.0,7.895355956503751e-05,0.05405056206217023,-1.0192720772276966e-05,2.0
0.0,239.5,7.929559483709391e-05,0.054077710497165817,-1.0166697952845239e-05,1.0
0.0,240.0,7.963911184256391e-05,0.05410491986150208,-6.007967260540578e-06,2.0
0.0,240.5,7.99841170004752e-05,0.05413217496621756,-5.311061300547612e-06,1.0
0.0,241.0,8.033061675766355e-05,0.05415947588760082,3.074894964396823e-08,2.0
0.0,241.5,8.06786175888931e-05,0.05418684760049699,-4.435505737163122e-06,1.0
0.0,242.0,8.102812599697723e-05,0.054214251306047505,2.7281740618591267e-06,2.0
0.0,242.5,8.137914851290015e-05,0.05424174038036412,-7.332053763613973e-06,1.0
0.0,243.0,8.173169169593918e-05,0.05426926722892827,4.487368148128936e-06,2.0
0.0,243.5,8.208576213378718e-05,0.05429688092309509,-5.19398716095113e-06,1.0
0.0,244.0,8.244136644267535e-05,0.054324540851217844,-3.934264494750225e-06,2.0
0.0,244.5,8.279851126749717e-05,0.05435226989007632,-1.2700072990721208e-05,1.0
0.0,245.0,8.315720328193266e-05,0.05438005728691688,-1.0989128470488465e-05,2.0
0.0,245.5,8.351744918857294e-05,0.054407905313354744,-4.9588336921042855e-06,1.0
0.0,246.0,8.387925571904532e-05,0.05443584564375004,-1.5861653799763253e-05,2.0
0.0,246.5,8.424262963413927e-05,0.054463827849383376,-5.187576293487994e-06,1.0
0.0,247.0,8.460757772393278e-05,0.05449191200138788,-1.5397760390719833e-05,2.0
0.0,247.5,8.497410680791908e-05,0.05452003617485961,-5.754286553583525e-06,1.0
0.0,248.0,8.534222373513435e-05,0.05454827954474835,-1.986166345546005e-05,2.0
0.0,248.5,8.571193538428551e-05,0.05457653915838181,-7.234980199874345e-06,1.0
0.0,249.0,8.608324866387861e-05,0.05460494518248753,-2.247342490042487e-05,2.0
0.0,249.5,8.645617051234812e-05,0.05463335762269993,-6.360638147534973e-06,1.0
0.0,250.0,8.683070789818668e-05,0.054661934766009224,-2.650466240754473e-05,2.0
0.0,250.5,8.72068678200752e-05,0.054690506363563894,-5.643167411287616e-06,1.0
0.0,251.0,8.758465730701347e-05,0.0547192654440606,-3.1514220064482896e-05,2.0
0.0,251.5,8.796408341845164e-05,0.054748001514345904,-8.07993174521939e-06,1.0
0.0,252.0,8.834515324442231e-05,0.0547769400945748,-3.4709350432989785e-05,2.0
0.0,252.5,8.87278739056729e-05,0.05480584552205303,-6.949602678123462e-06,1.0
0.0,253.0,8.91122525537985e-05,0.05483498476447278,-3.681600859074516e-05,2.0
0.0,253.5,8.949829637137571e-05,0.05486407576577182,-7.6190005379178855e-06,1.0
0.0,254.0,8.988601257209686e-05,0.05489340428962477,-3.947079134435955e-05,2.0
0.0,254.5,9.027540840090467e-05,0.05492268241082785,-7.754902585079761e-06,1.0
0.0,255.0,9.06664911341279e-05,0.05495222270800501,-4.094814617532925e-05,2.0
0.0,255.5,9.105926807961716e-05,0.05498170413277884,-3.410124179343676e-06,1.0
0.0,256.0,9.145374657688127e-05,0.05501144174457217,-4.058257308758682e-05,2.0
0.0,256.5,9.184993399722455e-05,0.05504113981894275,-2.8006904693530774e-06,1.0
0.0,257.0,9.224783774388486e-05,0.05507109759593969,-3.635667870210144e-05,2.0
0.0,257.5,9.264746525217158e-05,0.05510100154405739,-5.259337416553861e-06,1.0
0.0,258.0,9.304882398960454e-05,0.05513118933000386,-3.163553732896553e-05,2.0
0.0,258.5,9.345192145605374e-05,0.055161357826761646,-1.1566074296100961e-05,1.0
0.0,259.0,9.385676518387938e-05,0.05519173024516419,-2.2359136530078225e-05,2.0
0.0,259.5,9.426336273807261e-05,0.055222148941266064,-4.983178969323601e-06,1.0
0.0,260.0,9.46717217163971e-05,0.055252758480277095,-1.5456033959782644e-05,2.0
0.0,260.5,9.508184974953081e-05,0.05528345242850666,-1.2185443791692247e-05,1.0
0.0,261.0,9.54937545012085e-05,0.05531427744119768,1.3098246895800253e-07,2.0
0.0,261.5,9.590744366836497e-05,0.05534525258067112,-1.0698569517606035e-05,1.0
0.0,262.0,9.632292498127922e-05,0.05537634126956569,-3.707799620858407e-06,2.0
0.0,262.5,9.674020620371861e-05,0.055407594460250856,-9.304980316567663e-06,1.0
0.0,263.0,9.715929513308378e-05,0.055438945234209516,-1.6121575672134022e-06,2.0
0.0,263.5,9.758019960055466e-05,0.05547046823712292,-7.318224190716128e-06,1.0
0.0,264.0,9.800292747123665e-05,0.055502130405503954,-6.1817721490951535e-06,2.0
0.0,264.5,9.842748664430759e-05,0.05553393103017316,-3.812582225100226e-06,1.0
0.0,265.0,9.885388505316556e-05,0.05556588193447919,-9.490960969283786e-06,2.0
0.0,265.5,9.928213066557698e-05,0.055597987531578824,-6.954089555002455e-06,1.0
0.0,266.0,9.971223148382528e-05,0.05563025911392109,-1.5055050199018608e-05,2.0
0.0,266.5,0.00010014419554486067,0.055662655591219,-9.439464217601097e-06,1.0
0.0,267.0,0.00010057803092045043,0.05569527235971366,-1.994896953696186e-05,2.0
0.0,267.5,0.00010101374571732966,0.05572795128112325,-9.496119421722743e-06,1.0
0.0,268.0,0.00010145134807735248,0.055760888752333246,-2.466358872596792e-05,2.0
0.0,268.5,0.00010189084617764442,0.05579391905966837,-1.2033388201259124e-05,1.0
0.0,269.0,0.00010233224823075534,0.05582720454093051,-3.4301269823241674e-05,2.0
0.0,269.5,0.00010277556248481267,0.05586055508865122,-7.863503319460121e-06,1.0
0.0,270.0,0.00010322079722367559,0.055894214050067295,-4.079323751981965e-05,2.0
0.0,270.5,0.00010366796076708993,0.05592790768026341,-8.439529336306904e-06,1.0
0.0,271.0,0.00010411706147084344,0.05596194126672762,-4.3534926980476754e-05,2.0
0.0,271.5,0.00010456810772692198,0.05599600369145647,-1.052136276230452e-05,1.0
0.0,272.0,0.0001050211079636666,0.05603041479276924,-4.7931930980318985e-05,2.0
0.0,272.5,0.0001054760706459308,0.05606484573778326,-1.0368365013647076e-05,1.0
0.0,273.0,0.00010593300427523857,0.0560996696661489,-5.136197670455753e-05,2.0
0.0,273.5,0.00010639191738994345,0.056134487147218776,-1.098610373134302e-05,1.0
0.0,274.0,0.00010685281856538812,0.05616971341304557,-5.379587085908639e-05,2.0
0.0,274.5,0.00010731571641406453,0.056204943254013845,-9.503956956104315e-06,1.0
0.0,275.0,0.00010778061958577487,0.056240575879382734,-4.717026129570969e-05,2.0
0.0,275.5,0.00010824753676779324,0.05627624780393404,-9.250403839448511e-06,1.0
0.0,276.0,0.00010871647668502786,0.05631229659033921,-4.2548233277467926e-05,2.0
0.0,276.5,0.00010918744810018408,0.05634842339484079,-1.81082053934564e-05,1.0
0.0,277.0,0.00010966045981392851,0.05638490496478219,-3.482652246551497e-05,2.0
0.0,277.5,0.00011013552066505315,0.05642150947857616,-1.1568926135820405e-05,1.0
0.0,278.0,0.00011061263953064038,0.056458427176104664,-2.0474911999723056e-05,2.0
0.0,278.5,0.0001110918253262291,0.056495534330740456,-1.2415472354565337e-05,1.0
0.0,279.0,0.0001115730870059814,0.05653304817570998,-7.091748073349457e-05,1.0
0.0,279.5,0.00011205643356284971,0.05657053485191894,-1.6404836241783076e-05,1.0
0.0,280.0,0.00011254187402874488,0.056608377985495735,-1.8018791970935915e-06,2.0
0.0,280.5,0.00011302941747470497,0.05664654007037989,-1.373486259601782e-05,1.0
0.0,281.0,0.00011351907301106475,0.056684906264736976,-5.0474974224096215e-06,2.0
0.0,281.5,0.00011401084978762592,0.056723590259470914,-1.4611729236226642e-05,1.0
0.0,282.0,0.00011450475699382812,0.05676250826082025,-1.1632757331432055e-05,2.0
0.0,282.5,0.00011500080385892069,0.05680172044842894,-1.4794798939540333e-05,1.0
0.0,283.0,0.0001154989996521349,0.05684121215206508,-1.7901983182798332e-05,2.0
0.0,283.5,0.00011599935368285739,0.05688096825974776,-1.6889836831437106e-05,1.0
0.0,284.0,0.00011650187530080413,0.05692104895938399,-2.8192082751736907e-05,2.0
0.0,284.5,0.00011700657389619502,0.056961371057232466,-1.3028685437011833e-05,1.0
0.0,285.0,0.00011751345889992941,0.05700207322872576,-3.533349947523106e-05,2.0
0.0,285.5,0.00011802253978376227,0.05704297855066384,-1.7415102413971128e-05,1.0
0.0,286.0,0.0001185338260604813,0.057084313857589095,-4.264768906199145e-05,2.0
0.0,286.5,0.00011904732728408453,0.05712581642605651,-1.4056440276380646e-05,1.0
0.0,287.0,0.00011956305304995899,0.05716780751545408,-4.792716085611344e-05,2.0
0.0,287.5,0.00012008101299506,0.05720995212106998,-1.656645235725626e-05,1.0
0.0,288.0,0.00012060121679809107,0.057252620210562405,-5.9236824419534844e-05,2.0
0.0,288.5,0.00012112367417968483,0.05729541193289069,-1.8261463567388608e-05,1.0
0.0,289.0,0.00012164839490258501,0.05733876880657633,-6.271028474095853e-05,2.0
0.0,289.5,0.00012217538877182856,0.05738224616935457,-1.712030563319953e-05,1.0
0.0,290.0,0.00012270466563492864,0.05742630416133878,-6.016032311114133e-05,2.0
0.0,290.5,0.00012323623538205896,0.05747050571373516,-1.9769841723022527e-05,1.0
0.0,291.0,0.0001237701079462387,0.057515282280154414,-5.59250040794059e-05,2.0
0.0,291.5,0.00012430629330351778,0.05756024259115211,-2.0322791916470137e-05,1.0
0.0,292.0,0.00012484480147316354,0.05760576065855493,-4.381355171936663e-05,2.0
0.0,292.5,0.00012538564251784787,0.05765150282479529,-1.9325345419120985e-05,1.0
0.0,293.0,0.00012592882654383506,0.057697737025153434,-2.2470570057903673e-05,2.0
0.0,293.5,0.00012647436370117086,0.057744356278910135,-2.5795427921589347e-05,1.0
0.0,294.0,0.00012702226418387228,0.05779132553784431,-1.8796622860772074e-06,2.0
0.0,294.5,0.00012757253823011792,0.057838823863042815,-1.2539484374529777e-05,1.0
0.0,295.0,0.00012812519612243905,0.057886652737391825,-3.2738881814548956e-06,2.0
0.0,295.5,0.00012868024818791195,0.0579350024703539,-2.12822262425538e-05,1.0
0.0,296.0,0.0001292377047983511,0.057983733196595895,-1.0021905206733936e-05,2.0
0.0,296.5,0.0001297975763705027,0.05803293979503295,-2.3570091262751943e-05,1.0
0.0,297.0,0.0001303598733662394,0.05808257733475877,-2.139451857591049e-05,2.0
0.0,297.5,0.00013092460629275592,0.05813268763884829,-2.3960170766019554e-05,1.0
0.0,298.0,0.00013149178570276505,0.05818329265514815,-3.30620857472956e-05,2.0
0.0,298.5,0.00013206142219469508,0.05823432441155195,-2.440814289319796e-05,1.0
0.0,299.0,0.00013263352641288803,0.058285926972048915,-4.7951311366986124e-05,2.0
0.0,299.5,0.00013320810904779838,0.05833790724852729,-2.5743089247830467e-05,1.0
0.0,300.0,0.00013378518083619254,0.05839054524837389,-5.96120810200491e-05,2.0
0.0,300.5,0.00013436475256134982,0.05844351317067098,-2.7765212326669816e-05,1.0
0.0,301.0,0.00013494683505326391,0.05849721239384553,-7.028038382858298e-05,2.0
0.0,301.5,0.00013553143918884522,0.05855121485798623,-2.917427564201172e-05,1.0
0.0,302.0,0.00013611857589212407,0.05860598894104918,-7.528323915516056e-05,2.0
0.0,302.5,0.0001367082561344548,0.05866107712331881,-3.202834323233148e-05,1.0
0.0,303.0,0.0001373004909347209,0.058716972333570976,-6.999253629525602e-05,2.0
0.0,303.5,0.00013789529135954084,0.058773199665481085,-2.8711155347875324e-05,1.0
0.0,304.0,0.00013849266852347477,0.05883019293772782,-5.722940936335665e-05,2.0
0.0,304.5,0.00013909263358923246,0.05888764309361757,-3.187618613778525e-05,1.0
0.0,305.0,0.00013969519776788162,0.058945772995683654,-3.2282436346645814e-05,2.0
0.0,305.5,0.00014030037231905733,0.05900450308074816,-3.003170218291948e-05,1.0
0.0,306.0,0.00014090816855117302,0.059063782705356616,-1.5747790575304697e-06,2.0
0.0,306.5,0.0001415185978216313,0.059123865968800184,-3.692101234645525e-05,1.0
0.0,307.0,0.00014213167153703595,0.05918442559750507,-5.425090364088965e-06,2.0
0.0,307.5,0.00014274740115340553,0.05924584057250459,-3.715362637873424e-05,1.0
0.0,308.0,0.00014336579817638743,0.05930777037614776,-1.65025891697382e-05,2.0
0.0,308.5,0.00014398687416147262,0.059370510632708005,-4.1628329997110545e-05,1.0
0.0,309.0,0.0001446106407142117,0.059433895397811486,-4.369794833673506e-05,2.0
0.0,309.5,0.00014523710949043188,0.05949797802016166,-4.4890133553576386e-05,1.0
0.0,310.0,0.00014586629219645443,0.05956282463849079,-5.6942208168503944e-05,2.0
0.0,310.5,0.0001464982005893137,0.05962834678592283,-4.152075908218322e-05,1.0
0.0,311.0,0.00014713284647697693,0.05969469958864363,-6.989898994262344e-05,2.0
0.0,311.5,0.00014777024171856487,0.0597616932754014,-4.001080164405331e-05,1.0
0.0,312.0,0.00014841039822457286,0.0598296453436456,-8.074332875010317e-05,2.0
0.0,312.5,0.0001490533279570939,0.05989818457217064,-3.960275856926661e-05,1.0
0.0,313.0,0.0001496990429300422,0.059967761336750317,-8.145422291276305e-05,2.0
0.0,313.5,0.00015034755520937742,0.06003793736117722,-4.927236247202687e-05,1.0
0.0,314.0,0.00015099887691333031,0.06010912952482467,-6.517931624567833e-05,2.0
0.0,314.5,0.00015165302021262914,0.06018104826233673,-4.315137909224586e-05,1.0
0.0,315.0,0.00015230999733072695,0.060253845550755525,-3.1183782346101574e-05,2.0
0.0,315.5,0.00015296982054402994,0.06032765416268865,-4.540216082212437e-05,1.0
0.0,316.0,0.00015363250218212738,0.06040216899405319,-2.8503126643412444e-06,2.0
0.0,316.5,0.00015429805462802162,0.06047791586450423,-6.005985843041311e-05,1.0
0.0,317.0,0.00015496649031835924,0.06055433661775995,-1.58414970535848e-05,2.0
0.0,317.5,0.00015563782174366373,0.0606319673673076,-6.176600677350186e-05,1.0
0.0,318.0,0.000156312061448569,0.06071040474613654,-3.6184104209636076e-05,2.0
0.0,318.5,0.00015698922203205364,0.06078994998364735,-5.277464230470859e-05,1.0
0.0,319.0,0.00015766931614767635,0.060870474779702734,-6.064834705959465e-05,2.0
0.0,319.5,0.00015835235650381237,0.060952026327716284,-5.8490778517179736e-05,1.0
0.0,320.0,0.000159038355863891,0.06103472395445676,-8.020414121185485e-05,2.0
0.0,320.5,0.0001597273270466341,0.06111836810794163,-6.918905063254189e-05,1.0
0.0,321.0,0.00016041928292629556,0.06120326183004624,-8.910183948331115e-05,2.0
0.0,321.5,0.00016111423643290205,0.06128913625911825,-6.523639267458306e-05,1.0
0.0,322.0,0.00016181220055249432,0.061376298260460316,-8.012825400991257e-05,2.0
0.0,322.5,0.0001625131883273699,0.06146459587571725,-6.974651212683983e-05,1.0
0.0,323.0,0.00016321721285632738,0.06155395843666098,-4.029961645138389e-05,2.0
0.0,323.5,0.00016392428729491065,0.061644812497614304,-7.279923671241915e-05,1.0
0.0,324.0,0.00016463442485565457,0.06173655303660271,-2.6440579608165544e-06,2.0
0.0,324.5,0.00016534763880833215,0.061830087296736336,-7.822613582198558e-05,1.0
0.0,325.0,0.00016606394248020264,0.06192448556835344,-2.06722767809143e-05,2.0
0.0,325.5,0.0001667833492562604,0.06202062130676116,-8.296908696368567e-05,1.0
0.0,326.0,0.0001675058725794849,0.062117824191775195,-4.991235082484293e-05,2.0
0.0,326.5,0.00016823152595109222,0.0622166495838498,-8.323492870856125e-05,1.0
0.0,327.0,0.0001689603229307869,0.062316769510571704,-8.117363528260993e-05,2.0
0.0,327.5,0.00016969227713701555,0.062418399159552315,-8.975775636502827e-05,1.0
0.0,328.0,0.00017042740224722168,0.06252151878417592,-9.648563568357672e-05,2.0
0.0,328.5,0.00017116571199810094,0.06262613332103116,-9.078987366650764e-05,1.0
0.0,329.0,0.00017190722018585745,0.06273228138181323,-8.231282526703465e-05,2.0
0.0,329.5,0.00017265194066646208,0.06284013532490364,-9.884466114193828e-05,1.0
0.0,330.0,0.00017339988735591143,0.06294927771135149,-2.484197850787492e-05,2.0
0.0,330.5,0.00017415107423048755,0.06306028615308716,-2.851792317841674e-08,2.0
0.0,331.0,0.0001749055153270193,0.06317315802169923,-9.262138475662374e-06,2.0
0.0,331.5,0.00017566322474314462,0.0632877002479879,-1.0467168681259352e-06,2.0
0.0,332.0,0.0001764242166375738,0.06340424796960886,-4.1762370110952246e-05,2.0
0.0,332.5,0.00017718850523035405,0.06352230153421484,-5.858772493756909e-07,2.0
0.0,333.0,0.00017795610480313574,0.06364273598638698,-7.82674297731373e-05,2.0
0.0,333.5,0.00017872702969943882,0.06376445630486853,-6.125865971223891e-07,2.0
0.0,334.0,0.00017950129432492062,0.06388890548957167,-9.931471878684784e-05,2.0
0.0,334.5,0.00018027891314764536,0.06401453744332462,-6.144333782983975e-07,2.0
0.0,335.0,0.00018105990069835465,0.06414301990036908,-7.86878121022917e-05,2.0
0.0,335.5,0.00018184427157073876,0.06427295939881202,-9.142731633598101e-07,2.0
0.0,336.0,0.00018263204042170934,0.06440542430616371,3.714794639637413e-07,2.0
0.0,336.5,0.0001834232219716734,0.06454014580377426,-6.460614304078094e-07,2.0
0.0,337.0,0.00018421783100480832,0.06467728873558201,-2.5222646488542204e-05,2.0
0.0,337.5,0.0001850158823693381,0.06481657584637919,-4.835384327409994e-07,2.0
0.0,338.0,0.00018581739097781082,0.06495872884199423,-7.049717788954122e-05,2.0
0.0,338.5,0.00018662237180737748,0.06510273980579037,-2.69440636400055e-06,2.0
0.0,339.0,0.00018743083990007146,0.06524964654438095,-2.2436843970142774e-06,3.0
0.0,339.5,0.00018824281036308981,0.06539918951459389,-3.0155312946511693e-06,2.0
0.0,340.0,0.00018905829836907587,0.06555182827369106,-7.923814207792468e-05,2.0
0.0,340.5,0.00018987731915640226,0.06570649268646411,-9.300708447890068e-07,2.0
0.0,341.0,0.00019069988802945597,0.06586440061775697,-2.139739950961792e-06,2.0
0.0,341.5,0.00019152602035892418,0.06602527213245739,-7.222246330594501e-07,2.0
0.0,342.0,0.00019235573158208155,0.06618940434864917,-4.124661211445381e-05,2.0
0.0,342.5,0.00019318903720307867,0.06635624150401456,-1.2564292002864403e-06,2.0
0.0,343.0,0.00019402595279323172,0.06652699147957741,-9.078785129500625e-05,2.0
0.0,343.5,0.0001948664939913137,0.06670013480625896,-1.2584911966231053e-06,2.0
0.0,344.0,0.00019571067650384617,0.06687769025961536,-9.640173203555078e-05,2.0
0.0,344.5,0.00019655851610539293,0.06705776351656133,1.4626087921977112e-07,2.0
0.0,345.0,0.00019741002863885525,0.06724245257378914,-8.234019510027447e-05,1.0
0.0,345.5,0.0001982652300157676,0.06743001868161665,-1.7223332864701938e-06,2.0
0.0,346.0,0.0001991241362165945,0.06762214618930724,-3.778985886196856e-05,2.0
0.0,346.5,0.00019998676329102964,0.0678178679628571,-2.3516453393042054e-06,2.0
0.0,347.0,0.00020085312735829592,0.06801851014876399,-9.3959935240128e-05,2.0
0.0,347.5,0.00020172324460744634,0.06822237885490377,-1.8569727012623565e-06,2.0
0.0,348.0,0.00020259713129766659,0.06843176748787033,-8.33731394967354e-05,2.0
0.0,348.5,0.00020347480375857902,0.06864474842905584,-2.083709269459923e-06,2.0
0.0,349.0,0.00020435627839054742,0.06886305049775018,-6.103554851959822e-06,2.0
0.0,349.5,0.00020524157166498363,0.06908627027702965,-2.9611825845658867e-06,2.0
0.0,350.0,0.00020613070012465582,0.06931511889883064,-7.021927339471106e-05,2.0
0.0,350.5,0.0002070236803839972,0.06954838962696464,-1.3025305055558578e-06,2.0
0.0,351.0,0.00020792052912941607,0.06978834535085955,-9.912598153866435e-05,2.0
0.0,351.5,0.0002088212631196081,0.07003278622203658,-3.1890818038694216e-06,2.0
0.0,352.0,0.00020972589918586969,0.07028386019299952,-2.53657096727643e-06,2.0
0.0,352.5,0.00021063445423241212,0.07054122583136956,-3.1051046266953e-06,2.0
0.0,353.0,0.00021154694523667746,0.07080555405074233,-6.57009964396749e-05,2.0
0.0,353.5,0.00021246338924965603,0.07107578874178691,-3.7795083532274848e-06,2.0
0.0,354.0,0.00021338380339620467,0.07135426978846257,-9.390874961129063e-05,2.0
0.0,354.5,0.00021430820487536672,0.07163880456786482,-4.507322109509888e-06,2.0
0.0,355.0,0.0002152366109606942,0.07193183251694732,-8.4929177213346e-06,2.0
0.0,355.5,0.0002161690390005699,0.07223293417840755,-5.021362514252372e-06,2.0
0.0,356.0,0.00021710550641853126,0.07254326544624287,-8.611313539699824e-05,2.0
0.0,356.5,0.00021804603071359647,0.07286120942842729,-5.820437864396329e-06,2.0
0.0,357.0,0.0002189906294605915,0.07318956364461937,-4.274841171853894e-05,2.0
0.0,357.5,0.00021993932031047833,0.07352716857008755,-6.759899342057262e-06,2.0
0.0,358.0,0.00022089212099068474,0.0738759698134097,-5.367298796855773e-05,2.0
0.0,358.5,0.0002218490493054356,0.0742349236361234,-7.510893234955643e-06,2.0
0.0,359.0,0.00022281012313608565,0.07460662518630919,-7.876666677963488e-05,2.0
0.0,359.5,0.00022377536044145357,0.07498927622399355,-8.760518264822265e-06,2.0
0.0,360.0,0.0002247447792581575,0.07538601389214833,-3.8439461936007345e-05,2.0
0.0,360.5,0.0002257183977009523,0.075796046488802,-9.80378997708598e-06,2.0
0.0,361.0,0.00022669623396306764,0.07622194937252848,-7.809996861834939e-05,2.0
0.0,361.5,0.00022767830631654815,0.07666213030463337,-1.2252175208962541e-05,2.0
0.0,362.0,0.00022866463311259529,0.07712037305237475,-4.6746869030642555e-05,2.0
0.0,362.5,0.00022965523278190995,0.07759594392019259,-1.4489140392426352e-05,2.0
0.0,363.0,0.00023065012383503632,0.0780917801333287,-4.1866326790070145e-05,2.0
0.0,363.5,0.00023164932486270833,0.07860799570537003,-1.7321149819244493e-05,2.0
0.0,364.0,0.0002326528545361972,0.0791481928846196,-7.836046995133805e-05,2.0
0.0,364.5,0.00023366073160766002,0.07971150834577315,-2.1514762903471144e-05,2.0
0.0,365.0,0.0002346729749104902,0.08030263343199973,-1.9537602011201793e-05,2.0
0.0,365.5,0.00023568960335966954,0.08092359082862839,-2.716742434156786e-05,2.0
0.0,366.0,0.00023671063595212134,0.08157722483333663,-3.3304998024948e-05,2.0
0.0,366.5,0.0002377360917670655,0.08226703441534486,-3.4356572817243956e-05,2.0
0.0,367.0,0.00023876598996637558,0.08299808591466755,-7.645731673377559e-05,2.0
0.0,367.5,0.00023980034979493648,0.08377320684560909,-4.374591369453587e-05,2.0
0.0,368.0,0.00024083919058100344,0.08460126716729766,-7.691567911282238e-05,2.0
0.0,368.5,0.000241882531736564,0.08548751334484178,-6.075117767089609e-05,2.0
0.0,369.0,0.00024293039275770066,0.08644300150269296,-7.179494231618528e-05,2.0
0.0,369.5,0.00024398279322495497,0.08747957899643335,-8.980110364547217e-05,2.0
0.0,370.0,0.00024503975280369347,0.08861190596412699,-6.465793279787605e-05,2.0
0.0,370.5,0.0002461012912444753,0.08986188243083192,-8.346720897766212e-06,3.0
0.0,371.0,0.0002471674283834208,0.0912639727181631,-4.783556600079192e-06,2.0
0.0,371.5,0.00024823818414258255,0.0928653705426737,-2.260347384471819e-05,3.0
0.0,372.0,0.0002493135785303179,0.09474452577825937,-4.870253809087857e-05,2.0
0.0,372.5,0.00025039363164166276,0.09704625089616188,-1.3345398902960394e-05,4.0
0.0,373.0,0.00025147836365870625,0.10013487288935559,-4.888022092057632e-05,2.0
0.0,374.0,0.0002527964759867085,0.10999533793539623,3.7119607014336895e-05,17.0
1.0,89.0,2.158577816961288e-05,9.87112238038437,1.201953029262063e-05,1.0
1.0,89.5,2.1679290071412708e-05,9.769415192532067,2.923462079827852e-05,1.0
1.0,90.0,2.177320707678163e-05,9.668165798872561,6.49808663608574e-06,1.0
1.0,90.5,2.1867530940671673e-05,9.568717709714686,2.0936129544509435e-05,1.0
1.0,91.0,2.1962263425637512e-05,9.47037259263881,3.503102529666848e-05,1.0
1.0,91.5,2.2057406301869362e-05,9.372941807996652,1.9931229880031415e-05,1.0
1.0,92.0,2.2152961347226143e-05,9.276271480952545,1.391408220708673e-05,1.0
1.0,92.5,2.224893034726865e-05,9.18090606228826,1.544091187612964e-05,1.0
1.0,93.0,2.2345315095292876e-05,9.08660534218821,1.1206402779358247e-05,1.0
1.0,93.5,2.2442117392363557e-05,8.993541669177862,7.280097445491594e-06,1.0
1.0,94.0,2.2539339047347888e-05,8.90109681064247,6.530249047778134e-06,1.0
1.0,94.5,2.2636981876949265e-05,8.809862638206104,6.729500659402238e-06,1.0
1.0,95.0,2.2735047705741187e-05,8.719799725811841,9.501639766973921e-06,1.0
1.0,95.5,2.283353836620144e-05,8.6305502795716,1.3963428539542682e-05,1.0
1.0,96.0,2.2932455698746282e-05,8.542253110243735,3.708241501115056e-05,1.0
1.0,96.5,2.303180155176484e-05,8.45490473604251,7.522345392298108e-06,1.0
1.0,97.0,2.3131577781653697e-05,8.368755936144247,2.3925855944034294e-05,1.0
1.0,97.5,2.3231786252851554e-05,8.283271916283303,3.8809496892451204e-05,1.0
1.0,98.0,2.3332428837874014e-05,8.19913349619895,1.2196441235857764e-05,1.0
1.0,98.5,2.3433507417348608e-05,8.11579741734349,1.5960453271105464e-05,1.0
1.0,99.0,2.3535023880050004e-05,8.032980820430009,4.936587147238098e-06,1.0
1.0,99.5,2.3636980122935238e-05,7.951455589880795,1.4361980207323748e-05,1.0
1.0,100.0,2.3739378051179118e-05,7.870579388920209,2.139968874471807e-05,1.0
1.0,100.5,2.3842219578209883e-05,7.791329794270276,1.8555648750532127e-05,1.0
1.0,101.0,2.3945506625744983e-05,7.711650442447474,-6.117389672404555e-06,0.0
1.0,101.5,2.4049241123826963e-05,7.634089229401922,1.8455367662254854e-05,1.0
1.0,102.0,2.4153425010859467e-05,7.557091157585197,3.540465441646113e-05,1.0
1.0,102.5,2.4258060233643537e-05,7.480962464799394,1.1907709873377216e-05,1.0
1.0,103.0,2.4363148747413963e-05,7.405586721941356,1.3879244278618403e-05,1.0
1.0,103.5,2.4468692515875797e-05,7.331017120895489,8.88063940349227e-06,1.0
1.0,104.0,2.457469351124113e-05,7.257475839534086,2.4757696899361387e-05,1.0
1.0,104.5,2.468115371426587e-05,7.185147078579997,3.61651775408958e-05,1.0
1.0,105.0,2.4788075114286736e-05,7.1126074450221815,7.666272155861784e-06,1.0
1.0,105.5,2.4895459709258458e-05,7.0414509152202776,1.9558176645726958e-05,1.0
1.0,106.0,2.500330950579118e-05,6.9711573959021225,1.9036447620486452e-05,1.0
1.0,106.5,2.5111626519187883e-05,6.901535936342053,1.1333756032519254e-05,1.0
1.0,107.0,2.5220412773482013e-05,6.832876251516148,1.447222209650392e-05,1.0
1.0,107.5,2.532967030147537e-05,6.764708485303436,1.2008665508534363e-05,1.0
1.0,108.0,2.5439401144776076e-05,6.697555417679081,1.6131621261066482e-05,1.0
1.0,108.5,2.554960735383668e-05,6.631031183361935,1.0116245440579107e-05,1.0
1.0,109.0,2.5660290987992564e-05,6.56537365196273,1.8568454281882886e-05,1.0
1.0,109.5,2.577145411550038e-05,6.500520106553456,2.710422738463477e-05,1.0
1.0,110.0,2.588309881357663e-05,6.436113534969049,1.6203467033113853e-05,1.0
1.0,110.5,2.599522716843655e-05,6.372510687837319,2.067332254496305e-05,1.0
1.0,111.0,2.6107841275333118e-05,6.309657181908799,5.810591638311767e-06,1.0
1.0,111.5,2.622094323859619e-05,6.247784264920866,1.386265014746808e-05,1.0
1.0,112.0,2.6334535171671748e-05,6.186085964402077,2.846909606919727e-06,1.0
1.0,112.5,2.6448619197161462e-05,6.125756143623012,2.2017696401200666e-05,1.0
1.0,113.0,2.6563197446862354e-05,6.065274367033858,-1.9810978618616747e-05,1.0
1.0,113.5,2.6678272061806583e-05,6.006416750478792,-1.8600615200283502e-05,1.0
1.0,114.0,2.6793845192301552e-05,5.946955254650025,-4.428568857653696e-05,0.0
1.0,114.5,2.6909918997970018e-05,5.890266618254662,2.3203216074187654e-05,1.0
1.0,115.0,2.70264956477904e-05,5.832830972018688,4.594671929685443e-06,1.0
1.0,115.5,2.7143577320137372e-05,5.776247829385242,2.2973498410164108e-05,1.0
1.0,116.0,2.7261166202822605e-05,5.720763557789191,3.635621364106306e-05,1.0
1.0,116.5,2.737926449313561e-05,5.665151227043705,1.183800080552824e-05,1.0
1.0,117.0,2.7497874397884737e-05,5.610624988173445,2.5176116179168148e-05,1.0
1.0,117.5,2.7616998133438492e-05,5.556616960498921,2.3810802201267034e-05,1.0
1.0,118.0,2.7736637925766926e-05,5.5030924248906095,1.1943720896182463e-05,1.0
1.0,118.5,2.7856796010483198e-05,5.450343955245933,1.903266237062723e-05,1.0
1.0,119.0,2.797747463288545e-05,5.3982935382450306,2.1932408548555232e-05,1.0
1.0,119.5,2.8098676047998687e-05,5.346723848714406,1.357746354948668e-05,1.0
1.0,120.0,2.8220402520616872e-05,5.295646716782323,1.853802241935672e-05,1.0
1.0,120.5,2.8342656325345293e-05,5.245057317535771,1.468331029413483e-05,1.0
1.0,121.0,2.846543974664313e-05,5.195372297749771,2.648988010303113e-05,1.0
1.0,121.5,2.8588755078866093e-05,5.146072895520356,1.2979073739556813e-05,1.0
1.0,122.0,2.8712604626309217e-05,5.0974281867126345,2.39488564397597e-05,1.0
1.0,122.5,2.8836990703250024e-05,5.049301109911303,1.2287309654092767e-05,1.0
1.0,123.0,2.8961915633991736e-05,5.001031166992947,-3.379905524117052e-05,0.0
1.0,123.5,2.908738175290667e-05,4.954805915112441,2.2510104474194923e-05,1.0
1.0,124.0,2.9213391404479956e-05,4.908105136697701,3.2150673428985925e-06,1.0
1.0,124.5,2.933994694335329e-05,4.862333624994229,2.8517698513231948e-05,1.0
1.0,125.0,2.9467050734368862e-05,4.816990256011579,3.179437886009779e-05,1.0
1.0,125.5,2.9594705152613612e-05,4.772015546167311,2.2924492008545704e-05,1.0
1.0,126.0,2.9722912583463673e-05,4.727680235357195,1.544317508503564e-05,1.0
1.0,126.5,2.9851675422628877e-05,4.683663516347301,1.8583789711956637e-05,1.0
1.0,127.0,2.9980996076197477e-05,4.640430646471157,2.6466978235197335e-05,1.0
1.0,127.5,3.011087696068115e-05,4.597450885813227,1.9116790222763467e-05,1.0
1.0,128.0,3.0241320503060226e-05,4.55510088297019,2.1035780838054715e-05,1.0
1.0,128.5,3.0372329140828968e-05,4.513116745410166,1.896074480872076e-05,1.0
1.0,129.0,3.050390532204107e-05,4.471610791536822,1.1175444827277166e-05,1.0
1.0,129.5,3.063605150535548e-05,4.430710097508327,9.212656126476148e-06,1.0
1.0,130.0,3.076877016008233e-05,4.39003828178197,2.8386468635366226e-06,1.0
1.0,130.5,3.090206376622903e-05,4.350173753457067,1.7167587051476417e-05,1.0
1.0,131.0,3.1035934814546705e-05,4.310711749334196,1.6097850040856702e-05,1.0
1.0,131.5,3.117038580657669e-05,4.271598289218005,1.3751704953103666e-05,1.0
1.0,132.0,3.13054192546972e-05,4.233055022246049,2.1586358243342776e-05,1.0
1.0,132.5,3.1441037682170345e-05,4.19474982103217,1.9790492948080896e-05,1.0
1.0,133.0,3.157724362318932e-05,4.157061120793584,1.826095162693663e-05,1.0
1.0,133.5,3.1714039622925744e-05,4.119621523057194,1.7368781197351006e-05,1.0
1.0,134.0,3.185142823757712e-05,4.08277889387423,2.473431863050585e-05,1.0
1.0,134.5,3.198941203441468e-05,4.046147238636313,1.5359298079503795e-05,1.0
1.0,135.0,3.2127993591831375e-05,4.009946403772385,3.312510853374656e-06,1.0
1.0,135.5,3.2267175499390005e-05,3.974344611831722,9.089640235208308e-06,1.0
1.0,136.0,3.240696035787167e-05,3.938902287121495,6.132135486203958e-06,1.0
1.0,136.5,3.2547350779324355e-05,3.9041931824533957,1.911510649411924e-05,1.0
1.0,137.0,3.2688349387111645e-05,3.869667434970845,2.139241762077014e-05,1.0
1.0,137.5,3.282995881596181e-05,3.8355883318490056,1.8815872113913172e-05,1.0
1.0,138.0,3.297218171201712e-05,3.8019897241998497,2.0180233440372176e-05,1.0
1.0,138.5,3.3115020732883215e-05,3.768471934236344,8.24283219777947e-06,1.0
1.0,139.0,3.325847854767869e-05,3.7357307834893745,3.5284539480507457e-05,1.0
1.0,139.5,3.340255783708506e-05,3.7029845696957158,2.3007992317672987e-05,1.0
1.0,140.0,3.354726129339691e-05,3.670813695468121,2.0405586531200458e-05,1.0
1.0,140.5,3.3692591620572114e-05,3.6389137096715025,1.0354258695317202e-05,1.0
1.0,141.0,3.383855153428233e-05,3.6073675105648553,3.109512100924008e-06,1.0
1.0,141.5,3.398514376196383e-05,3.576262843783478,2.5413526803515323e-05,1.0
1.0,142.0,3.413237104286842e-05,3.545394273843017,1.1439211154383146e-05,1.0
1.0,142.5,3.428023612811461e-05,3.5149676764155267,-4.00944315452737e-06,1.0
1.0,143.0,3.4428741780739124e-05,3.4849653901741258,2.320884560150448e-05,1.0
1.0,143.5,3.457789077574845e-05,3.45507270208369,2.195782299868045e-05,1.0
1.0,144.0,3.472768590017064e-05,3.4257524924043667,2.8082815694411823e-05,1.0
1.0,144.5,3.487812995310744e-05,3.3966273615389317,2.0197093212706884e-05,1.0
1.0,145.0,3.5029225745786674e-05,3.3677260113024587,2.1648121165626198e-05,1.0
1.0,145.5,3.5180976101614716e-05,3.3392190028522037,1.3195910083262416e-05,1.0
1.0,146.0,3.533338385622916e-05,3.310940311011155,2.5188964484752325e-06,1.0
1.0,146.5,3.548645185755193e-05,3.2831915641831144,2.262354742306613e-05,1.0
1.0,147.0,3.564018296584244e-05,3.2555725696306865,1.1435698653997946e-05,1.0
1.0,147.5,3.579458005375102e-05,3.2284723361538727,2.2890033294788983e-05,1.0
1.0,148.0,3.5949646006372715e-05,3.201574010276066,2.404888126177419e-05,1.0
1.0,148.5,3.610538372130109e-05,3.1748088680245927,1.655795551657888e-05,1.0
1.0,149.0,3.626179610868235e-05,3.148527236820347,2.4618735831657915e-05,1.0
1.0,149.5,3.641888609126973e-05,3.1224393190926008,2.553569926784362e-05,1.0
1.0,150.0,3.657665660447825e-05,3.096578475403721,1.0661918982944653e-05,1.0
1.0,150.5,3.673511059643944e-05,3.071081066309335,7.843991068600895e-06,1.0
1.0,151.0,3.68942510280564e-05,3.0458712062740223,1.2245537418482121e-05,1.0
1.0,151.5,3.705408087305919e-05,3.0209402841038724,-1.3430076639033558e-06,1.0
1.0,152.0,3.72146031180604e-05,2.996374628388512,2.0822965838392843e-05,1.0
1.0,152.5,3.7375820762610905e-05,2.9718930417926943,1.5126220621724639e-05,1.0
1.0,153.0,3.7537736819256036e-05,2.9478251179501274,2.868949988751717e-05,1.0
1.0,153.5,3.7700354313591794e-05,2.923814588678345,1.7682199569251266e-05,1.0
1.0,154.0,3.786367628432131e-05,2.9001572345225552,4.360912274405508e-06,1.0
1.0,154.5,3.8027705783311684e-05,2.876865164675127,2.0712770505396164e-05,1.0
1.0,155.0,3.8192445875651135e-05,2.853652071398668,8.65166349632057e-06,1.0
1.0,155.5,3.8357899639706154e-05,2.830837673179964,9.043275119220237e-06,1.0
1.0,156.0,3.852407016717897e-05,2.8083182229604464,2.1367860919901406e-05,1.0
1.0,156.5,3.8690960563165444e-05,2.785865596022746,1.4011739200279128e-05,1.0
1.0,157.0,3.885857394621303e-05,2.763817740824065,2.3928513366618142e-05,1.0
1.0,157.5,3.9026913448379045e-05,2.7418132945949543,1.561175424563426e-05,1.0
1.0,158.0,3.919598221528928e-05,2.7201309158710405,2.217221982217226e-05,1.0
1.0,158.5,3.936578340619671e-05,2.6986887382423594,1.7996573228575225e-05,1.0
1.0,159.0,3.953632019404046e-05,2.677495559199492,2.611511539786446e-05,1.0
1.0,159.5,3.9707595765505164e-05,2.656457932594873,1.926665082645495e-05,1.0
1.0,160.0,3.987961332108059e-05,2.6357568238925633,2.9882023587966097e-05,1.0
1.0,160.5,4.0052376075121384e-05,2.6151611785338797,1.9526150804660215e-05,1.0
1.0,161.0,4.0225887255907025e-05,2.5949009002116035,2.5083123937655542e-05,1.0
1.0,161.5,4.0400150105702295e-05,2.5746817359382814,1.6242973946928865e-05,1.0
1.0,162.0,4.0575167880817806e-05,2.5546606599067503,3.2621913243741126e-06,1.0
1.0,162.5,4.0750943851670826e-05,2.5349959953459957,3.8039859647796682e-06,1.0
1.0,163.0,4.092748130284649e-05,2.5156442180189007,2.8491999971677516e-05,1.0
1.0,163.5,4.1104783533159115e-05,2.496205956242336,1.622959658632601e-05,1.0
1.0,164.0,4.1282853855713756e-05,2.4772204848740698,3.13475479736567e-05,1.0
1.0,164.5,4.1461695597968184e-05,2.458268246619303,1.8550069609339133e-05,1.0
1.0,165.0,4.164131210179516e-05,2.439507637668295,1.8685357642696818e-05,1.0
1.0,165.5,4.18217067235448e-05,2.4210238152548693,1.966575045604996e-05,1.0
1.0,166.0,4.2002882834107206e-05,2.40269587851484,1.9200793920926175e-05,1.0
1.0,166.5,4.2184843818975524e-05,2.3845373230450972,2.432664024780608e-05,1.0
1.0,167.0,4.2367593078309305e-05,2.3666980761716068,3.2633004028787053e-05,1.0
1.0,167.5,4.2551134026997975e-05,2.348810026776551,2.7968385279250236e-05,1.0
1.0,168.0,4.273547009472452e-05,2.3312777974850727,2.492478724000799e-05,1.0
1.0,168.5,4.2920604726029725e-05,2.313822295818637,1.3895017697042982e-05,1.0
1.0,169.0,4.3106541380376506e-05,2.2964824684058804,1.1744433736126232e-05,1.0
1.0,169.5,4.329328353221449e-05,2.279531304002424,8.914380454832975e-06,1.0
1.0,170.0,4.3480834671045086e-05,2.2626921767448813,2.2051495128085266e-05,1.0
1.0,170.5,4.366919830148659e-05,2.2459165419314298,1.5777044482562058e-05,1.0
1.0,171.0,4.3858377943339594e-05,2.229478864869615,3.1319722624374567e-05,1.0
1.0,171.5,4.404837713165284e-05,2.2129933858202655,1.6790512278337416e-05,1.0
1.0,172.0,4.423919941678938e-05,2.1963057064929226,-6.56768849450484e-05,0.0
1.0,172.5,4.44308483644928e-05,2.1806943062528767,1.5937528900785988e-05,1.0
1.0,173.0,4.462332755595379e-05,2.164855292659329,2.274641482267357e-05,1.0
1.0,173.5,4.481664058787715e-05,2.149039473726136,1.1532414715193792e-05,1.0
1.0,174.0,4.501079107254906e-05,2.133559364532889,3.1592692180102574e-05,1.0
1.0,174.5,4.520578263790453e-05,2.118026375397308,1.4516214710194988e-05,1.0
1.0,175.0,4.540161892759506e-05,2.1026658142985015,3.5748244866907877e-06,1.0
1.0,175.5,4.559830360105692e-05,2.0876410903778093,2.003975683192554e-05,1.0
1.0,176.0,4.579584033357941e-05,2.07269627848831,2.7751164729318743e-05,1.0
1.0,176.5,4.599423281637356e-05,2.0577867557392486,1.3578498246993876e-05,1.0
1.0,177.0,4.619348475664119e-05,2.0431990546909913,3.393294589283741e-05,1.0
1.0,177.5,4.6393599877644135e-05,2.028553682092591,1.2707272548214775e-05,1.0
1.0,178.0,4.6594581918773694e-05,2.0140731280884783,5.658858054817145e-06,0.0
1.0,178.5,4.6796434635620616e-05,1.9998624078894498,1.466477473178799e-05,1.0
1.0,179.0,4.6999161800045355e-05,1.9858262447820667,2.388758226386308e-05,1.0
1.0,179.5,4.720276720024849e-05,1.971728733363101,5.8866302338515e-06,1.0
1.0,180.0,4.740725464084136e-05,1.9579866981525156,3.614806152620119e-05,1.0
1.0,180.5,4.7612627942917374e-05,1.9441658234485832,1.9045929592397516e-05,1.0
1.0,181.0,4.78188909441233e-05,1.9305419522365543,2.446264138174551e-05,1.0
1.0,181.5,4.802604749873097e-05,1.9170943114109287,2.2447252797435116e-05,1.0
1.0,182.0,4.8234101477709414e-05,1.903806328301967,2.6021549101519327e-05,1.0
1.0,182.5,4.844305676879713e-05,1.8905015857833358,9.227070091967778e-06,1.0
1.0,183.0,4.8652917276574624e-05,1.8774703012134624,2.5995330089169276e-05,1.0
1.0,183.5,4.886368692253743e-05,1.8644741579806152,1.0608715693326308e-05,1.0
1.0,184.0,4.9075369645169556e-05,1.8516127657335402,1.2665085944014887e-05,1.0
1.0,184.5,4.928796940001692e-05,1.838899053532131,2.0044253657958187e-05,1.0
1.0,185.0,4.95014901597612e-05,1.8263752570611151,3.3127667494611114e-05,1.0
1.0,185.5,4.9715935914294206e-05,1.8137799477385799,1.119335538564072e-05,1.0
1.0,186.0,4.9931310670792376e-05,1.8014317431734872,2.4057168261660478e-05,1.0
1.0,186.5,5.014761845379163e-05,1.7891332840504057,1.6824008384605893e-05,1.0
1.0,187.0,5.0364863305262693e-05,1.7770572130929583,2.7933709603471965e-05,1.0
1.0,187.5,5.058304928468657e-05,1.7649462242142366,1.862103314760673e-05,1.0
1.0,188.0,5.0802180469130226e-05,1.7531583045769672,4.593762079196844e-05,1.0
1.0,188.5,5.1022260953322956e-05,1.741215034586781,2.0762020188280523e-05,1.0
1.0,189.0,5.124329484973294e-05,1.729500137079312,2.28372274819731e-05,1.0
1.0,189.5,5.146528628864402e-05,1.7178813243122977,1.6782436140693737e-05,1.0
1.0,190.0,5.168823941823277e-05,1.7064932799138284,3.97435164810347e-05,1.0
1.0,190.5,5.1912158404646144e-05,1.6950005019027234,1.5243558449216901e-05,1.0
1.0,191.0,5.213704743207931e-05,1.6837781318870717,3.499370021375962e-05,1.0
1.0,191.5,5.236291070285375e-05,1.6725290471043255,2.0273230673545285e-05,1.0
1.0,192.0,5.258975243749597e-05,1.66141729093748,1.1664977283275927e-05,1.0
1.0,192.5,5.2817576874816246e-05,1.6504263143757971,1.0065957151673832e-05,1.0
1.0,193.0,5.3046388271987715e-05,1.6396496706187225,4.326814826548927e-05,1.0
1.0,193.5,5.327619090462606e-05,1.6287395316381215,1.5166085935798288e-05,1.0
1.0,194.0,5.3506989066869495e-05,1.6180301731626778,1.3895948106140486e-05,1.0
1.0,194.5,5.373878707145888e-05,1.6074232551899128,1.2335581311765537e-05,1.0
1.0,195.0,5.397158924981825e-05,1.5969787664148993,3.710228327671906e-05,1.0
1.0,195.5,5.420539995213588e-05,1.5864648044389007,1.1756129286331932e-05,1.0
1.0,196.0,5.4440223547445495e-05,1.576220482006048,3.7507795982567536e-05,1.0
1.0,196.5,5.4676064423707935e-05,1.565900494943471,2.235646173110026e-05,1.0
1.0,197.0,5.491292698789323e-05,1.555738300219924,1.414036403329516e-05,1.0
1.0,197.5,5.51508156660629e-05,1.545670826308656,1.8162935684046906e-05,1.0
1.0,198.0,5.538973490345251e-05,1.5358029283421322,4.825818147892387e-05,1.0
1.0,198.5,5.562968916455487e-05,1.5258006071838524,8.16041141783426e-06,1.0
1.0,199.0,5.587068293320355e-05,1.5160138766664188,1.7709682590268992e-05,1.0
1.0,199.5,5.611272071265659e-05,1.5062779256938466,1.6095916571465174e-05,1.0
1.0,200.0,5.635580702568049e-05,1.496715838594802,3.6277727702346236e-05,1.0
1.0,200.5,5.659994641463493e-05,1.4870662754246262,1.3645045715669271e-05,1.0
1.0,201.0,5.684514344155757e-05,1.4776808920061626,4.735780796312403e-05,1.0
1.0,201.5,5.7091402688249255e-05,1.4681904964388353,1.3713391635314559e-05,1.0
1.0,202.0,5.7338728756359795e-05,1.4588724505203747,2.119404556306043e-05,1.0
1.0,202.5,5.7587126267473835e-05,1.4496212696833926,1.5454287831870102e-05,1.0
1.0,203.0,5.7836599863197106e-05,1.4405673137941888,4.4718519435032247e-05,1.0
1.0,203.5,5.808715420524327e-05,1.4313708764218542,1.545115210987992e-05,1.0
1.0,204.0,5.8338793975521156e-05,1.4223480592538718,1.3248303763302764e-05,1.0
1.0,204.5,5.8591523876222115e-05,1.413417633919891,1.8459095406812012e-05,1.0
1.0,205.0,5.884534862990779e-05,1.404639421506732,4.471388747500775e-05,1.0
1.0,205.5,5.910027297959843e-05,1.3957513099816765,1.2987049388423042e-05,1.0
1.0,206.0,5.935630168886173e-05,1.3870904619007727,3.302610005731991e-05,1.0
1.0,206.5,5.961343954190163e-05,1.3783872112458377,1.2621833775657642e-05,1.0
1.0,207.0,5.9871691343647636e-05,1.3698669162784742,3.9224106805553757e-05,1.0
1.0,207.5,6.01310619198448e-05,1.361297058876543,1.7267488755212493e-05,1.0
1.0,208.0,6.039155611714381e-05,1.3529537558951912,4.479925591982661e-05,1.0
1.0,208.5,6.06531788031915e-05,1.344489730250388,2.1867800276281647e-05,1.0
1.0,209.0,6.0915934866721995e-05,1.3361668307809464,1.4073194075172324e-05,1.0
1.0,209.5,6.117982921764795e-05,1.3279378870795766,2.055738600826623e-05,1.0
1.0,210.0,6.144486678715213e-05,1.3198708095647291,5.587859961571781e-05,1.0
1.0,210.5,6.171105252777977e-05,1.3116591369041297,1.5778008646089728e-05,1.0
1.0,211.0,6.197839141353113e-05,1.303620044129263,1.7129692330028496e-05,1.0
1.0,211.5,6.224688843995439e-05,1.2956457537056727,2.0040258984623387e-05,1.0
1.0,212.0,6.251654862423888e-05,1.287812410174909,4.857416939669608e-05,1.0
1.0,212.5,6.278737700530888e-05,1.2798675125093077,1.7659735512735096e-05,1.0
1.0,213.0,6.3059378643918e-05,1.2721275301199937,4.279835550124571e-05,1.0
1.0,213.5,6.333255862274356e-05,1.2643408903669293,1.7244875566723077e-05,1.0
1.0,214.0,6.360692204648146e-05,1.2567193700281423,3.618675006392924e-05,1.0
1.0,214.5,6.388247404194174e-05,1.2490541217067044,1.731095087670281e-05,1.0
1.0,215.0,6.415921975814435e-05,1.2415808719461965,5.1444408303611554e-05,1.0
1.0,215.5,6.443716436641525e-05,1.2340056495285003,1.838235200255999e-05,1.0
1.0,216.0,6.47163130604833e-05,1.2265761595952362,2.0399573418220844e-05,1.0
1.0,216.5,6.499667105657713e-05,1.2191861040284764,2.31303989399408e-05,1.0
1.0,217.0,6.527824359352252e-05,1.211962285042537,5.7809548549835656e-05,1.0
1.0,217.5,6.556103593284038e-05,1.2045892211245328,1.7101243483900842e-05,1.0
1.0,218.0,6.584505335884523e-05,1.1973459224758132,6.934872428363234e-06,1.0
1.0,218.5,6.613030117874382e-05,1.190217823715731,2.219003241197506e-05,1.0
1.0,219.0,6.641678472273414e-05,1.183200717443773,5.66408047412113e-05,1.0
1.0,219.5,6.670450934410524e-05,1.1760578307840277,1.8796046211279267e-05,1.0
1.0,220.0,6.69934804193372e-05,1.169070238715256,2.4259146596182506e-05,1.0
1.0,220.5,6.728370334820151e-05,1.162105264245053,1.5969295709780487e-05,1.0
1.0,221.0,6.757518355386216e-05,1.1552916525877297,5.114740958194906e-05,1.0
1.0,221.5,6.786792648297693e-05,1.148366803384132,1.7839002119421825e-05,1.0
1.0,222.0,6.816193760579891e-05,1.1416247708484901,4.2409191478370506e-05,1.0
1.0,222.5,6.845722241627893e-05,1.134827614450633,1.9494782081048404e-05,1.0
1.0,223.0,6.875378643216834e-05,1.1281824952110255,4.190892473794914e-05,1.0
1.0,223.5,6.905163519512199e-05,1.121482698027499,1.8606802440697177e-05,1.0
1.0,224.0,6.935077427080163e-05,1.1149601372743976,5.571128055446815e-05,1.0
1.0,224.5,6.96512092489801e-05,1.1083317426439052,1.8419156846612878e-05,1.0
1.0,225.0,6.995294574364577e-05,1.1018523558680724,3.143700002463631e-05,1.0
1.0,225.5,7.025598939310732e-05,1.0953709446769282,1.695289085684089e-05,1.0
1.0,226.0,7.056034586009931e-05,1.0890493349972947,6.06783920158039e-05,1.0
1.0,226.5,7.086602083188791e-05,1.082595952728449,2.0756561037155992e-05,1.0
1.0,227.0,7.117302002037698e-05,1.0762690810376734,1.585480846081714e-05,1.0
1.0,227.5,7.148134916221492e-05,1.0700012234233343,2.0746994656708195e-05,1.0
1.0,228.0,7.17910140189021e-05,1.0638692266148353,6.566716769344891e-05,1.0
1.0,228.5,7.210202037689832e-05,1.0575847335417115,2.1076755941859683e-05,1.0
1.0,229.0,7.241437404773077e-05,1.0514141111430855,-1.752125634645393e-06,1.0
1.0,229.5,7.272808086810289e-05,1.0453397196047505,1.7252494036508047e-05,1.0
1.0,230.0,7.304314670000335e-05,1.039377307215174,6.723354691832915e-05,1.0
1.0,230.5,7.33595774308155e-05,1.0332710466617134,2.2504349844729632e-05,1.0
1.0,231.0,7.36773789734276e-05,1.0273014126414415,2.279679791487191e-05,1.0
1.0,231.5,7.399655726634319e-05,1.021359850417297,1.894593613662069e-05,1.0
1.0,232.0,7.43171182737919e-05,1.0155523601603114,6.417547232132113e-05,1.0
1.0,232.5,7.463906798584104e-05,1.0096217432510435,2.1717291117057522e-05,1.0
1.0,233.0,7.496241241850765e-05,1.0038402280467578,3.8345530406250015e-05,1.0
1.0,233.5,7.528715761387085e-05,0.9980398593157996,2.205002612720569e-05,1.0
1.0,234.0,7.56133096401845e-05,0.9923767134699147,5.986980420059499e-05,1.0
1.0,234.5,7.594087459199089e-05,0.9866112495952037,2.128158001683394e-05,1.0
1.0,235.0,7.626985859023451e-05,0.9810077462214892,4.9564344211326124e-05,1.0
1.0,235.5,7.660026778237636e-05,0.9753415639749231,2.273796649614556e-05,1.0
1.0,236.0,7.693210834250905e-05,0.9698177258498313,5.3720990288160916e-05,1.0
1.0,236.5,7.726538647147201e-05,0.9642141062862613,1.811291779963715e-05,1.0
1.0,237.0,7.760010839696725e-05,0.9587752473149648,5.981873255098501e-05,1.0
1.0,237.5,7.793628037367582e-05,0.9532405024233377,1.9518470115969863e-05,1.0
1.0,238.0,7.827390868337488e-05,0.9478482678684821,4.645796126799394e-05,1.0
1.0,238.5,7.861299963505492e-05,0.9424078455176018,1.894459999755844e-05,1.0
1.0,239.0,7.895355956503751e-05,0.9371216152440703,6.828147880874716e-05,1.0
1.0,239.5,7.929559483709391e-05,0.9317181558937518,2.1523712920871735e-05,1.0
1.0,240.0,7.963911184256391e-05,0.9264479990649495,3.182927466609479e-05,1.0
1.0,240.5,7.99841170004752e-05,0.9211663261316263,2.141008761368349e-05,1.0
1.0,241.0,8.033061675766355e-05,0.9160257908419172,7.540099092682745e-05,1.0
1.0,241.5,8.06786175888931e-05,0.9107507419987,2.153695481509102e-05,1.0
1.0,242.0,8.102812599697723e-05,0.9055978605974493,2.5353923852415802e-05,1.0
1.0,242.5,8.137914851290015e-05,0.9004687952983507,2.202513913578127e-05,1.0
1.0,243.0,8.173169169593918e-05,0.8954605531208257,7.664520769874383e-05,1.0
1.0,243.5,8.208576213378718e-05,0.8903163619169768,2.1494638846052276e-05,1.0
1.0,244.0,8.244136644267535e-05,0.8852746571912375,1.1856572546230829e-05,1.0
1.0,244.5,8.279851126749717e-05,0.8802912667911271,2.206361811310376e-05,1.0
1.0,245.0,8.315720328193266e-05,0.8754126923536296,8.011187924979335e-05,1.0
1.0,245.5,8.351744918857294e-05,0.8703932852163342,2.227519957117791e-05,1.0
1.0,246.0,8.387925571904532e-05,0.8655737460012448,7.996034267740411e-05,0.0
1.0,246.5,8.424262963413927e-05,0.8606169158748254,2.1301445390708664e-05,1.0
1.0,247.0,8.460757772393278e-05,0.8558585532745825,8.138726790195631e-05,1.0
1.0,247.5,8.497410680791908e-05,0.8509619864702993,2.4063442815654716e-05,1.0
1.0,248.0,8.534222373513435e-05,0.846169235533327,1.623202313070765e-05,1.0
1.0,248.5,8.571193538428551e-05,0.8414234053889278,2.173789102165826e-05,1.0
1.0,249.0,8.608324866387861e-05,0.8367791566882298,8.34048572583588e-05,1.0
1.0,249.5,8.645617051234812e-05,0.832003334672256,2.26454434205134e-05,1.0
1.0,250.0,8.683070789818668e-05,0.8273418977889468,2.8607969087623095e-05,1.0
1.0,250.5,8.72068678200752e-05,0.8226939238158852,2.1891226701272657e-05,1.0
1.0,251.0,8.758465730701347e-05,0.8181597074331367,8.124324442095759e-05,1.0
1.0,251.5,8.796408341845164e-05,0.8134985335253745,2.261892157129041e-05,1.0
1.0,252.0,8.834515324442231e-05,0.8089618000144266,3.884020712226023e-05,1.0
1.0,252.5,8.87278739056729e-05,0.8044129031976789,2.4181151140028777e-05,1.0
1.0,253.0,8.91122525537985e-05,0.7999814537714929,8.071656394364881e-05,1.0
1.0,253.5,8.949829637137571e-05,0.795431919191224,2.300200239598235e-05,1.0
1.0,254.0,8.988601257209686e-05,0.7910137817036446,4.9970108816460756e-05,1.0
1.0,254.5,9.027540840090467e-05,0.7865590817477431,2.44249959347656e-05,1.0
1.0,255.0,9.06664911341279e-05,0.7822275070945411,7.764698454551575e-05,1.0
1.0,255.5,9.105926807961716e-05,0.7777887094462178,2.342256732259383e-05,1.0
1.0,256.0,9.145374657688127e-05,0.7734788334699814,5.800028881024097e-05,1.0
1.0,256.5,9.184993399722455e-05,0.7691181778956285,2.3653912919140134e-05,1.0
1.0,257.0,9.224783774388486e-05,0.7648800608015293,7.479444013422105e-05,1.0
1.0,257.5,9.264746525217158e-05,0.7605490542591935,2.391175351390314e-05,1.0
1.0,258.0,9.304882398960454e-05,0.7563487434128795,6.729953903857102e-05,1.0
1.0,258.5,9.345192145605374e-05,0.7520769374752441,2.5258435739065385e-05,1.0
1.0,259.0,9.385676518387938e-05,0.7479264167019875,7.107074499638535e-05,1.0
1.0,259.5,9.426336273807261e-05,0.7437000497878303,2.5834420778435163e-05,1.0
1.0,260.0,9.46717217163971e-05,0.7396005679235151,7.502396367051923e-05,1.0
1.0,260.5,9.508184974953081e-05,0.7354170064296951,2.614337128839997e-05,1.0
1.0,261.0,9.54937545012085e-05,0.7313546921061677,6.70279980542855e-05,1.0
1.0,261.5,9.590744366836497e-05,0.7272285851763216,2.574428418070782e-05,1.0
1.0,262.0,9.632292498127922e-05,0.7232261602787964,8.277738214110588e-05,1.0
1.0,262.5,9.674020620371861e-05,0.7191285788713466,2.7403437459826032e-05,1.0
1.0,263.0,9.715929513308378e-05,0.7151462892400947,5.9623497870961195e-05,1.0
1.0,263.5,9.758019960055466e-05,0.7111174051206577,2.742657642875962e-05,1.0
1.0,264.0,9.800292747123665e-05,0.7072091308237074,8.955164404627143e-05,1.0
1.0,264.5,9.842748664430759e-05,0.7031945266388682,2.8076426794940467e-05,1.0
1.0,265.0,9.885388505316556e-05,0.6992878241573102,5.1079788184085236e-05,1.0
1.0,265.5,9.928213066557698e-05,0.6953564397207124,2.718959977980324e-05,1.0
1.0,266.0,9.971223148382528e-05,0.6915355480349223,9.554571621976e-05,1.0
1.0,266.5,0.00010014419554486067,0.6876037077653624,2.8289810387130854e-05,1.0
1.0,267.0,0.00010057803092045043,0.6837697028944657,4.0645101981801484e-05,1.0
1.0,267.5,0.00010101374571732966,0.6799319208442324,2.6640585976926825e-05,1.0
1.0,268.0,0.00010145134807735248,0.6761031860691793,8.507248210895411e-07,2.0
1.0,268.5,0.00010189084617764442,0.6723431279507807,2.827901652173508e-05,1.0
1.0,269.0,0.00010233224823075534,0.6685791401543556,2.957306235085232e-05,1.0
1.0,269.5,0.00010277556248481267,0.6648334583388275,2.8799423950493336e-05,1.0
1.0,270.0,0.00010322079722367559,0.6610831827020566,1.3793816093574786e-06,2.0
1.0,270.5,0.00010366796076708993,0.6574033771727881,2.9352607370860152e-05,1.0
1.0,271.0,0.00010411706147084344,0.6537029205927618,1.4501748551356825e-05,1.0
1.0,271.5,0.00010456810772692198,0.6500485864932797,3.0105799323430877e-05,1.0
1.0,272.0,0.0001050211079636666,0.646376148993618,2.647909688834173e-06,2.0
1.0,272.5,0.0001054760706459308,0.6427692753013144,2.8968942493592154e-05,1.0
1.0,273.0,0.00010593300427523857,0.6392086350681574,8.877672841552327e-05,0.0
1.0,273.5,0.00010639191738994345,0.6355670353344582,3.254172302848471e-05,1.0
1.0,274.0,0.00010685281856538812,0.6319665221553357,8.053678182720426e-07,2.0
1.0,274.5,0.00010731571641406453,0.6284348043260395,3.129930771647623e-05,1.0
1.0,275.0,0.00010778061958577487,0.6248861224572532,2.0441633765290075e-05,1.0
1.0,275.5,0.00010824753676779324,0.6213741463611987,3.0792146971406277e-05,1.0
1.0,276.0,0.00010871647668502786,0.6178464637341722,1.3389135616060592e-06,2.0
1.0,276.5,0.00010918744810018408,0.6143848530361565,3.103259171185483e-05,1.0
1.0,277.0,0.00010966045981392851,0.6109225212714057,3.9512882863062846e-05,1.0
1.0,277.5,0.00011013552066505315,0.6074663214459911,3.369699862225298e-05,1.0
1.0,278.0,0.00011061263953064038,0.6040065374026345,-7.261818169806265e-08,2.0
1.0,278.5,0.0001110918253262291,0.6006129864190151,3.1585280017676876e-05,1.0
1.0,279.0,0.0001115730870059814,0.5972302843986624,5.607978312831873e-05,1.0
1.0,279.5,0.00011205643356284971,0.5938284840079755,3.289253711607314e-05,1.0
1.0,280.0,0.00011254187402874488,0.5904368279949128,2.45701520833569e-07,2.0
1.0,280.5,0.00011302941747470497,0.5871093332805546,3.400249102977978e-05,1.0
1.0,281.0,0.00011351907301106475,0.5838043201887788,7.476356575109829e-05,1.0
1.0,281.5,0.00011401084978762592,0.5804550232625955,3.402284573934655e-05,1.0
1.0,282.0,0.00011450475699382812,0.5771273635548606,8.612538234980626e-07,2.0
1.0,282.5,0.00011500080385892069,0.5738632451511644,3.320656824828125e-05,1.0
1.0,283.0,0.0001154989996521349,0.5706312257946262,9.217509880049254e-05,1.0
1.0,283.5,0.00011599935368285739,0.5673353712683562,3.686219006623704e-05,1.0
1.0,284.0,0.00011650187530080413,0.5641300221364886,8.885220783285414e-05,1.0
1.0,284.5,0.00011700657389619502,0.5608679259380706,3.638713692529669e-05,1.0
1.0,285.0,0.00011751345889992941,0.5576339026757602,3.4073020485561553e-06,2.0
1.0,285.5,0.00011802253978376227,0.5544596450643821,3.451988968919101e-05,1.0
1.0,286.0,0.0001185338260604813,0.5513014605815302,7.127736369394195e-05,1.0
1.0,286.5,0.00011904732728408453,0.5481126895641204,3.6668105174497206e-05,1.0
1.0,287.0,0.00011956305304995899,0.5449378104982961,2.029513459428227e-06,2.0
1.0,287.5,0.00012008101299506,0.5418225944231481,3.7330709401501934e-05,1.0
1.0,288.0,0.00012060121679809107,0.5387060288647226,4.733707642106161e-05,1.0
1.0,288.5,0.00012112367417968483,0.5355912987152573,3.775967189085684e-05,1.0
1.0,289.0,0.00012164839490258501,0.5324728660280768,1.9674045984003344e-06,2.0
1.0,289.5,0.00012217538877182856,0.5294151871577151,3.8292239791888764e-05,1.0
1.0,290.0,0.00012270466563492864,0.5263323727831765,1.2823078374861784e-05,1.0
1.0,290.5,0.00012323623538205896,0.523294457309124,3.877124900060467e-05,1.0
1.0,291.0,0.0001237701079462387,0.5202322471510006,1.3450017230709397e-06,2.0
1.0,291.5,0.00012430629330351778,0.5172289774427734,4.124268853578986e-05,1.0
1.0,292.0,0.00012484480147316354,0.5142072469639907,2.5939334644736364e-05,1.0
1.0,292.5,0.00012538564251784787,0.5112167823189151,4.048227223702498e-05,1.0
1.0,293.0,0.00012592882654383506,0.5082074531126811,1.8484685230857121e-06,2.0
1.0,293.5,0.00012647436370117086,0.5052567607869021,4.084805043330298e-05,1.0
1.0,294.0,0.00012702226418387228,0.5023098985851665,6.321809314923078e-05,1.0
1.0,294.5,0.00012757253823011792,0.4993498808295867,4.2482935752626424e-05,1.0
1.0,295.0,0.00012812519612243905,0.4963914253890188,5.697699249653317e-07,2.0
1.0,295.5,0.00012868024818791195,0.49349242315145514,4.379657929439067e-05,1.0
1.0,296.0,0.0001292377047983511,0.49061366613239016,9.87069300691173e-05,1.0
1.0,296.5,0.0001297975763705027,0.48768662637342897,4.264826319986527e-05,1.0
1.0,297.0,0.0001303598733662394,0.4847785246915117,-4.637170894167051e-07,2.0
1.0,297.5,0.00013092460629275592,0.48192902054628145,4.381489261779897e-05,1.0
1.0,298.0,0.00013149178570276505,0.47904631818422694,1.8243311537604968e-06,2.0
1.0,298.5,0.00013206142219469508,0.47621970064127034,4.4525040744333266e-05,1.0
1.0,299.0,0.00013263352641288803,0.4733943003674048,6.661036433079153e-05,1.0
1.0,299.5,0.00013320810904779838,0.47055917027157446,4.749589119918721e-05,1.0
1.0,300.0,0.00013378518083619254,0.46772422953712367,2.0628209771706777e-06,2.0
1.0,300.5,0.00013436475256134982,0.4649445796262021,4.530228358930722e-05,1.0
1.0,301.0,0.00013494683505326391,0.46213737557485013,1.2310876332406939e-05,1.0
1.0,301.5,0.00013553143918884522,0.4593765530512437,4.720209141298209e-05,1.0
1.0,302.0,0.00013611857589212407,0.4565878607289228,1.8078633288905004e-06,2.0
1.0,302.5,0.0001367082561344548,0.4538538025275816,4.8228165846004816e-05,1.0
1.0,303.0,0.0001373004909347209,0.45111164697356293,5.415444557701539e-05,1.0
1.0,303.5,0.00013789529135954084,0.4483759752804869,4.941872666457171e-05,1.0
1.0,304.0,0.00013849266852347477,0.44563013713359123,9.125425083071978e-07,2.0
1.0,304.5,0.00013909263358923246,0.44294175884079867,5.063212666892745e-05,1.0
1.0,305.0,0.00013969519776788162,0.44021909781013063,3.885078244063731e-06,2.0
1.0,305.5,0.00014030037231905733,0.4375509100985102,5.207725385459908e-05,1.0
1.0,306.0,0.00014090816855117302,0.4348489056319775,9.404403178409067e-07,2.0
1.0,306.5,0.0001415185978216313,0.4322015456855943,5.184023311499909e-05,1.0
1.0,307.0,0.00014213167153703595,0.42952237334490145,6.1231355839265455e-06,2.0
1.0,307.5,0.00014274740115340553,0.42689554388344236,5.28754992359394e-05,1.0
1.0,308.0,0.00014336579817638743,0.42425127173151655,4.241935382282456e-05,1.0
1.0,308.5,0.00014398687416147262,0.4216296170513786,5.412814822678919e-05,1.0
1.0,309.0,0.0001446106407142117,0.41898993138111157,1.4450112761680617e-06,2.0
1.0,309.5,0.00014523710949043188,0.4164031927069889,5.317896197082726e-05,1.0
1.0,310.0,0.00014586629219645443,0.413803404874883,4.9350017455273785e-05,1.0
1.0,310.5,0.0001464982005893137,0.4112182289130208,5.900101422968256e-05,1.0
1.0,311.0,0.00014713284647697693,0.4086166500082392,1.392883390744444e-07,2.0
1.0,311.5,0.00014777024171856487,0.4060706442404305,5.90412799039087e-05,1.0
1.0,312.0,0.00014841039822457286,0.40349088395844207,5.2910962202219035e-06,2.0
1.0,312.5,0.0001490533279570939,0.4009623808940516,5.945007095892546e-05,1.0
1.0,313.0,0.0001496990429300422,0.3984368733774291,9.99346402191066e-05,1.0
1.0,313.5,0.00015034755520937742,0.3958920005877265,6.189084525986647e-05,1.0
1.0,314.0,0.00015099887691333031,0.3933483217527798,2.9328493947865954e-06,2.0
1.0,314.5,0.00015165302021262914,0.3908577875875701,6.210722438385749e-05,1.0
1.0,315.0,0.00015230999733072695,0.38833595807772403,1.1762275341536094e-05,1.0
1.0,315.5,0.00015296982054402994,0.385860374142376,6.336304064142196e-05,1.0
1.0,316.0,0.00015363250218212738,0.3833533609759352,2.6121695891156084e-06,2.0
1.0,316.5,0.00015429805462802162,0.38089854919190347,6.471536196054752e-05,1.0
1.0,317.0,0.00015496649031835924,0.37840894909333606,2.7605121112303346e-06,2.0
1.0,317.5,0.00015563782174366373,0.37597230981413027,6.720521639417836e-05,1.0
1.0,318.0,0.000156312061448569,0.3734993616716611,1.5252621480153643e-06,2.0
1.0,318.5,0.00015698922203205364,0.37107977139468823,6.908254103478468e-05,1.0
1.0,319.0,0.00015766931614767635,0.3686247275869298,3.0218635229772798e-06,2.0
1.0,319.5,0.00015835235650381237,0.36622121261061974,6.92218047796709e-05,1.0
1.0,320.0,0.000159038355863891,0.36378884231425634,2.2037740673490706e-05,1.0
1.0,320.5,0.0001597273270466341,0.36139597818610414,7.202887819615815e-05,1.0
1.0,321.0,0.00016041928292629556,0.35897354682117233,2.7440247931733715e-06,2.0
1.0,321.5,0.00016111423643290205,0.35660314596688436,7.438941826744723e-05,1.0
1.0,322.0,0.00016181220055249432,0.35419715616227715,2.3545130507311383e-06,2.0
1.0,322.5,0.0001625131883273699,0.3518414848327621,7.129394930000915e-05,1.0
1.0,323.0,0.00016321721285632738,0.34947455882750517,7.715161984989038e-05,1.0
1.0,323.5,0.00016392428729491065,0.3471130125585035,7.656311614264321e-05,1.0
1.0,324.0,0.00016463442485565457,0.34473820469395755,2.8307561399983663e-06,2.0
1.0,324.5,0.00016534763880833215,0.3424140192313894,7.754568437890427e-05,1.0
1.0,325.0,0.00016606394248020264,0.3400815034867079,9.74064966113033e-05,1.0
1.0,325.5,0.0001667833492562604,0.33774549897793177,8.033574846270988e-05,1.0
1.0,326.0,0.0001675058725794849,0.3353999919918369,1.1972219424955468e-06,2.0
1.0,326.5,0.00016823152595109222,0.3331061265749581,8.093230232276516e-05,1.0
1.0,327.0,0.0001689603229307869,0.3307762439930787,3.3949129344682483e-06,2.0
1.0,327.5,0.00016969227713701555,0.32849562278558414,8.210217188092946e-05,1.0
1.0,328.0,0.00017042740224722168,0.32619195100000725,5.19687095385493e-05,1.0
1.0,328.5,0.00017116571199810094,0.32391358587096636,8.531982777642572e-05,1.0
1.0,329.0,0.00017190722018585745,0.3216105424360186,3.756317423827436e-06,2.0
1.0,329.5,0.00017265194066646208,0.3193589369819135,9.121597147460573e-05,1.0
1.0,330.0,0.00017339988735591143,0.31706905138183744,3.961719737534483e-06,2.0
1.0,330.5,0.00017415107423048755,0.31483122108653105,9.511002802506403e-05,1.0
1.0,331.0,0.0001749055153270193,0.31256194020840655,3.1142238001981446e-05,1.0
1.0,331.5,0.00017566322474314462,0.31032990615999834,9.416182291534998e-05,1.0
1.0,332.0,0.0001764242166375738,0.30806590501657216,2.4597530167977847e-06,2.0
1.0,332.5,0.00017718850523035405,0.30585346975256744,9.476117430975032e-05,1.0
1.0,333.0,0.00017795610480313574,0.3036026457146234,4.2619501311178575e-06,2.0
1.0,333.5,0.00017872702969943882,0.30140204688472294,9.74975611995583e-05,1.0
1.0,334.0,0.00017950129432492062,0.29917385523121703,4.898591226175192e-05,1.0
1.0,334.5,0.00018027891314764536,0.29695209120675736,1.3699800030190244e-06,2.0
1.0,335.0,0.00018105990069835465,0.29474723203767106,2.7125622504974325e-06,2.0
1.0,335.5,0.00018184427157073876,0.2925482849250893,1.0164555691336684e-06,2.0
1.0,336.0,0.00018263204042170934,0.2903553991192573,3.292584629487543e-06,2.0
1.0,336.5,0.0001834232219716734,0.2881670258065194,1.434486160113591e-06,2.0
1.0,337.0,0.00018421783100480832,0.28598456283805074,8.907197562862255e-07,2.0
1.0,337.5,0.0001850158823693381,0.28380767742558854,2.7257722060005468e-06,2.0
1.0,338.0,0.00018581739097781082,0.28163534145890196,3.890447418675489e-07,2.0
1.0,338.5,0.00018662237180737748,0.2794693095095826,2.8893138162545276e-06,2.0
1.0,339.0,0.00018743083990007146,0.2773081101119895,2.8646131518748114e-06,2.0
1.0,339.5,0.00018824281036308981,0.27515118176726333,2.7467156308546097e-06,2.0
1.0,340.0,0.00018905829836907587,0.2729996611876495,2.350485092416048e-06,2.0
1.0,340.5,0.00018987731915640226,0.2708522565041844,8.975850767836324e-07,2.0
1.0,341.0,0.00019069988802945597,0.2687127501345787,1.654851758683879e-05,1.0
1.0,341.5,0.00019152602035892418,0.26657197600266525,-4.367755829875446e-08,2.0
1.0,342.0,0.00019235573158208155,0.26443847392269837,1.202571947714839e-06,2.0
1.0,342.5,0.00019318903720307867,0.26230921895773357,1.1685162942501713e-06,2.0
1.0,343.0,0.00019402595279323172,0.26018440914744895,3.1017850789302327e-06,2.0
1.0,343.5,0.0001948664939913137,0.25806295693846887,1.5351253067586677e-06,2.0
1.0,344.0,0.00019571067650384617,0.25594605412466215,3.2399678686112277e-06,2.0
1.0,344.5,0.00019655851610539293,0.25383210047215093,-3.494418007895853e-07,2.0
1.0,345.0,0.00019741002863885525,0.25172759553143087,3.206336996048159e-05,1.0
1.0,345.5,0.0001982652300157676,0.24961553032015155,1.156263874370901e-06,2.0
1.0,346.0,0.0001991241362165945,0.2475122504650501,3.4088653266900975e-07,2.0
1.0,346.5,0.00019998676329102964,0.24541228001456694,1.765164796435743e-06,2.0
1.0,347.0,0.00020085312735829592,0.24331542573846243,4.56289006377344e-06,2.0
1.0,347.5,0.00020172324460744634,0.241220574375852,1.8654534550371242e-06,2.0
1.0,348.0,0.00020259713129766659,0.23912904768707116,3.386427141621262e-06,2.0
1.0,348.5,0.00020347480375857902,0.23703933206714414,3.4421749441905307e-06,2.0
1.0,349.0,0.00020435627839054742,0.23495235588753435,2.624256489877541e-06,2.0
1.0,349.5,0.00020524157166498363,0.23286615085983306,-7.98017858294954e-07,2.0
1.0,350.0,0.00020613070012465582,0.23078864782153977,4.002921064937895e-05,1.0
1.0,350.5,0.0002070236803839972,0.22870090884123317,2.146557344334166e-06,2.0
1.0,351.0,0.00020792052912941607,0.2266343839024167,9.044662477535078e-05,1.0
1.0,351.5,0.0002088212631196081,0.22454102114152902,2.5968569963103833e-06,2.0
1.0,352.0,0.00020972589918586969,0.22246274999882445,4.572492734205504e-06,2.0
1.0,352.5,0.00021063445423241212,0.22038505322590704,2.15782711950454e-06,2.0
1.0,353.0,0.00021154694523667746,0.21830725230354112,2.234891224873644e-06,2.0
1.0,353.5,0.00021246338924965603,0.21622920086045164,3.943026189485012e-06,2.0
1.0,354.0,0.00021338380339620467,0.21415148459396177,6.1028024257235635e-06,2.0
1.0,354.5,0.00021430820487536672,0.2120724210791418,1.6532405412210092e-06,2.0
1.0,355.0,0.0002152366109606942,0.20999271409250705,3.218998231822138e-06,2.0
1.0,355.5,0.0002161690390005699,0.20791124595402793,1.9901688990354817e-06,2.0
1.0,356.0,0.00021710550641853126,0.2058281097995881,3.2113213285696885e-06,2.0
1.0,356.5,0.00021804603071359647,0.2037420287894033,-6.493057885544606e-07,2.0
1.0,357.0,0.0002189906294605915,0.2016539128188883,3.2940173610540703e-06,2.0
1.0,357.5,0.00021993932031047833,0.19956211796467102,1.8965778421357117e-06,2.0
1.0,358.0,0.00022089212099068474,0.19746662808078125,2.1775288851889014e-06,2.0
1.0,358.5,0.0002218490493054356,0.1953665416908571,2.5299367417317165e-06,2.0
1.0,359.0,0.00022281012313608565,0.19326145882683893,2.7478424779975545e-06,2.0
1.0,359.5,0.00022377536044145357,0.1911500133510249,2.9877501012990405e-06,2.0
1.0,360.0,0.0002247447792581575,0.18903303497478988,3.3498491187340156e-06,2.0
1.0,360.5,0.0002257183977009523,0.18690850253809063,2.6335576874799907e-06,2.0
1.0,361.0,0.00022669623396306764,0.18477458414695438,2.9127094205229704e-06,2.0
1.0,361.5,0.00022767830631654815,0.18263190843579383,-2.361500072396364e-06,2.0
1.0,362.0,0.00022866463311259529,0.18047926562370922,4.801370186057707e-06,2.0
1.0,362.5,0.00022965523278190995,0.17831440613580657,2.7773395424867553e-06,2.0
1.0,363.0,0.00023065012383503632,0.17613629343537937,1.971832705575598e-06,2.0
1.0,363.5,0.00023164932486270833,0.17394322139783167,2.8632769017713668e-06,2.0
1.0,364.0,0.0002326528545361972,0.17173431746155998,6.103849543362814e-07,2.0
1.0,364.5,0.00023366073160766002,0.1695070319781282,2.905356494932923e-06,2.0
1.0,365.0,0.0002346729749104902,0.16726389929565832,4.890958078756028e-05,1.0
1.0,365.5,0.00023568960335966954,0.16498674367194785,9.587012677354453e-07,2.0
1.0,366.0,0.00023671063595212134,0.16269766050808504,8.407260974426332e-05,1.0
1.0,366.5,0.0002377360917670655,0.16036076706506885,2.863243775718966e-06,2.0
1.0,367.0,0.00023876598996637558,0.15799825686084717,8.238357255142427e-07,2.0
1.0,367.5,0.00023980034979493648,0.1555968250696212,1.2657570096267197e-06,2.0
1.0,368.0,0.00024083919058100344,0.15315047626724831,6.282917684599797e-06,1.0
1.0,368.5,0.000241882531736564,0.1506500618990826,4.6437224111763286e-07,2.0
1.0,369.0,0.00024293039275770066,0.1480945200574804,6.0320582309269595e-05,1.0
1.0,369.5,0.00024398279322495497,0.14545107898772472,1.4008491640867902e-06,2.0
1.0,370.0,0.00024503975280369347,0.14272489101529923,1.2684511671937526e-05,1.0
1.0,370.5,0.0002461012912444753,0.13988167086940076,-1.28718681369202e-05,1.0
1.0,371.0,0.0002471674283834208,0.13689619828861516,-1.9724142638124934e-05,1.0
1.0,371.5,0.00024823818414258255,0.13372151994391293,-3.67164229497498e-06,2.0
1.0,372.0,0.0002493135785303179,0.13027430871175816,-1.3544341134853188e-06,2.0
1.0,372.5,0.00025039363164166276,0.12639783609270916,-6.280588251316478e-05,2.0
1.0,373.0,0.00025147836365870625,0.12176270652812249,-7.96556290993725e-06,2.0
1.0,374.0,0.0002527964759867085,0.10999533793539623,3.7119607014336895e-05,17.0
